Assembly	OriginalName	ProtName	Annot	Specie.x	Length	Type	Compo.*	Compo.A	Compo.C	Compo.D	Compo.E	Compo.F	Compo.G	Compo.H	Compo.I	Compo.K	Compo.L	Compo.M	Compo.N	Compo.P	Compo.Q	Compo.R	Compo.S	Compo.T	Compo.V	Compo.W	Compo.Y	Prop.Tiny	Prop.Small	Prop.Aliphatic	Prop.Aromatic	Prop.Non.polar	Prop.Polar	Prop.Charged	Prop.Basic	Prop.Acidic	Pi	Taxid	Specie.y	assembly_level	CC1
GCA_000007225.1	13773_Pyrobaculum^aerophilum^str.^IM2@AAL62754.1$GCA_000007225.1	AAL62754.1		0	56	0	0	5	0	2	4	3	3	0	3	11	4	2	0	2	2	2	2	4	3	0	4	0.25	0.375	0.178571428571429	0.125	0.517857142857143	0.482142857142857	0.339285714285714	0.232142857142857	0.107142857142857	9.82249914309902	13773	Pyrobaculum^aerophilum^str.^IM2	Complete Genome	1
GCA_000007225.1	13773_Pyrobaculum^aerophilum^str.^IM2@AAL64739.1$GCA_000007225.1	AAL64739.1		0	57	0	0	5	0	2	3	3	3	0	3	12	3	3	0	2	4	2	2	3	3	0	4	0.228070175438596	0.350877192982456	0.157894736842105	0.12280701754386	0.508771929824561	0.491228070175439	0.333333333333333	0.245614035087719	0.087719298245614	9.99797012121326	13773	Pyrobaculum^aerophilum^str.^IM2	Complete Genome	1
GCA_000007225.1	13773_Pyrobaculum^aerophilum^str.^IM2@AAL64814.1$GCA_000007225.1	AAL64814.1		0	57	0	0	5	0	2	3	3	3	0	3	12	3	3	0	2	4	2	2	3	3	0	4	0.228070175438596	0.350877192982456	0.157894736842105	0.12280701754386	0.508771929824561	0.491228070175439	0.333333333333333	0.245614035087719	0.087719298245614	9.99797012121326	13773	Pyrobaculum^aerophilum^str.^IM2	Complete Genome	1
GCA_000011125.1	56636_Aeropyrum^pernix^K1@BAF34785.1$GCA_000011125.1	BAF34785.1		0	56	0	0	4	0	2	5	5	3	0	3	13	2	1	1	2	0	3	1	3	3	0	5	0.196428571428571	0.339285714285714	0.142857142857143	0.178571428571429	0.5	0.5	0.410714285714286	0.285714285714286	0.125	9.90089893108493	56636	Aeropyrum^pernix^K1	Complete Genome	1
GCA_000015205.1	2277_Pyrobaculum^islandicum^DSM^4184@ABL87668.1$GCA_000015205.1	ABL87668.1		0	57	0	0	5	0	2	3	3	3	0	3	12	3	2	0	2	4	2	2	3	4	0	4	0.228070175438596	0.368421052631579	0.175438596491228	0.12280701754386	0.508771929824561	0.491228070175439	0.333333333333333	0.245614035087719	0.087719298245614	9.99797012121326	2277	Pyrobaculum^islandicum^DSM^4184	Complete Genome	1
GCA_000015205.1	2277_Pyrobaculum^islandicum^DSM^4184@ABL87724.1$GCA_000015205.1	ABL87724.1		0	57	0	0	5	0	2	3	3	3	0	3	12	3	2	0	2	4	2	2	3	4	0	4	0.228070175438596	0.368421052631579	0.175438596491228	0.12280701754386	0.508771929824561	0.491228070175439	0.333333333333333	0.245614035087719	0.087719298245614	9.99797012121326	2277	Pyrobaculum^islandicum^DSM^4184	Complete Genome	1
GCA_000015205.1	2277_Pyrobaculum^islandicum^DSM^4184@ABL88582.1$GCA_000015205.1	ABL88582.1		0	58	0	0	5	0	2	3	3	4	0	3	11	3	3	0	2	4	2	1	4	4	0	4	0.241379310344828	0.379310344827586	0.172413793103448	0.120689655172414	0.53448275862069	0.46551724137931	0.310344827586207	0.224137931034483	0.0862068965517241	9.94012817718827	2277	Pyrobaculum^islandicum^DSM^4184	Complete Genome	1
GCA_000015225.1	2269_Thermofilum^pendens^Hrk^5@ABL77499.1$GCA_000015225.1	ABL77499.1		0	54	0	0	2	4	0	1	1	4	1	2	7	2	2	3	2	5	4	1	5	5	0	3	0.296296296296296	0.481481481481481	0.166666666666667	0.0925925925925926	0.5	0.5	0.240740740740741	0.222222222222222	0.0185185185185185	10.0494465975274	2269	Thermofilum^pendens^Hrk^5	Complete Genome	1
GCA_000015805.1	181486_Pyrobaculum^calidifontis^JCM^11548@ABO08681.1$GCA_000015805.1	ABO08681.1		0	58	0	0	7	0	3	3	3	4	0	4	11	3	3	0	1	2	2	1	4	2	1	4	0.275862068965517	0.379310344827586	0.155172413793103	0.137931034482759	0.551724137931034	0.448275862068966	0.327586206896552	0.224137931034483	0.103448275862069	9.82249415425593	181486	Pyrobaculum^calidifontis^JCM^11548	Complete Genome	1
GCA_000015805.1	181486_Pyrobaculum^calidifontis^JCM^11548@ABO09179.1$GCA_000015805.1	ABO09179.1		0	57	0	0	5	0	2	3	3	3	0	2	12	3	3	0	2	4	2	2	3	4	0	4	0.228070175438596	0.368421052631579	0.157894736842105	0.12280701754386	0.508771929824561	0.491228070175439	0.333333333333333	0.245614035087719	0.087719298245614	9.99797012121326	181486	Pyrobaculum^calidifontis^JCM^11548	Complete Genome	1
GCA_000015805.1	181486_Pyrobaculum^calidifontis^JCM^11548@ABO09237.1$GCA_000015805.1	ABO09237.1		0	57	0	0	5	0	2	3	3	3	0	2	12	3	3	0	2	4	2	2	3	4	0	4	0.228070175438596	0.368421052631579	0.157894736842105	0.12280701754386	0.508771929824561	0.491228070175439	0.333333333333333	0.245614035087719	0.087719298245614	9.99797012121326	181486	Pyrobaculum^calidifontis^JCM^11548	Complete Genome	1
GCA_000015945.1	2280_Staphylothermus^marinus^F1@ABN69492.1$GCA_000015945.1	ABN69492.1		0	56	0	0	5	0	2	5	5	3	0	4	13	3	1	0	2	0	2	1	3	4	0	3	0.214285714285714	0.357142857142857	0.196428571428571	0.142857142857143	0.535714285714286	0.464285714285714	0.392857142857143	0.267857142857143	0.125	9.88930383129411	2280	Staphylothermus^marinus^F1	Complete Genome	1
GCA_000016385.1	121277_Pyrobaculum^arsenaticum^DSM^13514@ABP50423.1$GCA_000016385.1	ABP50423.1		0	56	0	0	5	0	2	3	3	3	0	2	11	2	3	0	2	2	3	3	3	5	0	4	0.25	0.410714285714286	0.160714285714286	0.125	0.517857142857143	0.482142857142857	0.339285714285714	0.25	0.0892857142857143	10.0541874805299	121277	Pyrobaculum^arsenaticum^DSM^13514	Complete Genome	1
GCA_000016385.1	121277_Pyrobaculum^arsenaticum^DSM^13514@ABP51197.1$GCA_000016385.1	ABP51197.1		0	57	0	0	5	0	2	3	3	3	0	2	12	3	3	0	2	4	2	2	3	4	0	4	0.228070175438596	0.368421052631579	0.157894736842105	0.12280701754386	0.508771929824561	0.491228070175439	0.333333333333333	0.245614035087719	0.087719298245614	9.99797012121326	121277	Pyrobaculum^arsenaticum^DSM^13514	Complete Genome	1
GCA_000016385.1	121277_Pyrobaculum^arsenaticum^DSM^13514@ABP51266.1$GCA_000016385.1	ABP51266.1		0	57	0	0	5	0	2	3	3	3	0	2	12	3	3	0	2	4	2	2	3	4	0	4	0.228070175438596	0.368421052631579	0.157894736842105	0.12280701754386	0.508771929824561	0.491228070175439	0.333333333333333	0.245614035087719	0.087719298245614	9.99797012121326	121277	Pyrobaculum^arsenaticum^DSM^13514	Complete Genome	1
GCA_000018465.1	338192_Nitrosopumilus^maritimus^SCM1@ABX12629.1$GCA_000018465.1	ABX12629.1		0	47	0	0	3	4	1	1	1	7	0	5	6	0	2	1	3	0	4	1	5	1	0	2	0.425531914893617	0.553191489361702	0.127659574468085	0.0638297872340425	0.595744680851064	0.404255319148936	0.25531914893617	0.212765957446809	0.0425531914893617	9.87751280491453	338192	Nitrosopumilus^maritimus^SCM1	Complete Genome	1
GCA_000018465.1	338192_Nitrosopumilus^maritimus^SCM1@ABX12793.1$GCA_000018465.1	ABX12793.1		0	77	0	0	4	3	2	5	4	6	0	5	11	4	3	2	3	2	4	8	5	3	1	2	0.337662337662338	0.467532467532468	0.155844155844156	0.0909090909090909	0.493506493506494	0.506493506493506	0.285714285714286	0.194805194805195	0.0909090909090909	9.7182969717295	338192	Nitrosopumilus^maritimus^SCM1	Complete Genome	1
GCA_000018465.1	338192_Nitrosopumilus^maritimus^SCM1@ABX13309.1$GCA_000018465.1	ABX13309.1		0	53	0	0	2	4	2	4	2	4	0	3	8	1	3	2	3	0	5	0	5	4	0	1	0.283018867924528	0.490566037735849	0.150943396226415	0.0566037735849057	0.509433962264151	0.490566037735849	0.358490566037736	0.245283018867925	0.113207547169811	9.63850541386441	338192	Nitrosopumilus^maritimus^SCM1	Complete Genome	1
GCA_000018465.1	338192_Nitrosopumilus^maritimus^SCM1@ABX13487.1$GCA_000018465.1	ABX13487.1		0	581	0	0	34	5	31	120	7	15	5	37	45	59	3	10	66	37	18	42	22	17	2	6	0.203098106712565	0.416523235800344	0.194492254733219	0.0344234079173838	0.432013769363167	0.567986230636833	0.376936316695353	0.117039586919105	0.259896729776248	4.28169098223472	338192	Nitrosopumilus^maritimus^SCM1	Complete Genome	1
GCA_000019805.1	70771_Pyrobaculum^neutrophilum^V24Sta@ACB39228.1$GCA_000019805.1	ACB39228.1		0	72	0	0	9	1	1	6	6	3	2	3	4	3	2	0	6	0	8	3	5	6	0	4	0.291666666666667	0.472222222222222	0.166666666666667	0.166666666666667	0.597222222222222	0.402777777777778	0.291666666666667	0.194444444444444	0.0972222222222222	9.79866842714572	70771	Pyrobaculum^neutrophilum^V24Sta	Complete Genome	1
GCA_000019805.1	70771_Pyrobaculum^neutrophilum^V24Sta@ACB40459.1$GCA_000019805.1	ACB40459.1		0	62	0	0	5	0	2	3	3	3	0	4	12	3	3	0	2	5	3	2	4	3	0	5	0.225806451612903	0.338709677419355	0.161290322580645	0.129032258064516	0.5	0.5	0.32258064516129	0.241935483870968	0.0806451612903226	10.0478443594024	70771	Pyrobaculum^neutrophilum^V24Sta	Complete Genome	1
GCA_000019805.1	70771_Pyrobaculum^neutrophilum^V24Sta@ACB40552.1$GCA_000019805.1	ACB40552.1		0	64	0	0	6	1	2	3	3	4	0	4	12	3	3	0	3	4	3	2	4	3	0	4	0.265625	0.390625	0.15625	0.109375	0.53125	0.46875	0.3125	0.234375	0.078125	10.0065699660735	70771	Pyrobaculum^neutrophilum^V24Sta	Complete Genome	1
GCA_000019805.1	70771_Pyrobaculum^neutrophilum^V24Sta@ACB40799.1$GCA_000019805.1	ACB40799.1		0	55	0	0	5	0	2	3	3	3	1	4	12	2	2	0	2	2	2	1	4	3	0	4	0.236363636363636	0.363636363636364	0.163636363636364	0.145454545454545	0.509090909090909	0.490909090909091	0.363636363636364	0.272727272727273	0.0909090909090909	9.99797549273204	70771	Pyrobaculum^neutrophilum^V24Sta	Complete Genome	1
GCA_000020905.1	94694_Desulfurococcus^amylolyticus^1221n@ACL10570.1$GCA_000020905.1	ACL10570.1		0	60	0	0	5	0	2	5	5	5	0	3	13	3	2	0	3	1	2	2	2	4	0	3	0.233333333333333	0.383333333333333	0.166666666666667	0.133333333333333	0.55	0.45	0.366666666666667	0.25	0.116666666666667	9.88930308403811	94694	Desulfurococcus^amylolyticus^1221n	Complete Genome	1
GCA_000092185.1	54254_Thermosphaera^aggregans^DSM^11486@ADG90547.1$GCA_000092185.1	ADG90547.1		0	54	0	0	5	0	2	4	5	2	0	4	13	2	1	1	2	0	2	1	3	4	0	3	0.203703703703704	0.37037037037037	0.185185185185185	0.148148148148148	0.518518518518518	0.481481481481481	0.388888888888889	0.277777777777778	0.111111111111111	9.99796543570713	54254	Thermosphaera^aggregans^DSM^11486	Complete Genome	1
GCA_000092465.1	84599_Staphylothermus^hellenicus^DSM^12710@ADI31552.1$GCA_000092465.1	ADI31552.1		0	56	0	0	5	0	2	5	5	3	0	5	12	3	1	0	2	0	3	1	3	3	0	3	0.214285714285714	0.339285714285714	0.196428571428571	0.142857142857143	0.535714285714286	0.464285714285714	0.392857142857143	0.267857142857143	0.125	9.93913656975361	84599	Staphylothermus^hellenicus^DSM^12710	Complete Genome	1
GCA_000186365.1	2275_Desulfurococcus^mucosus^DSM^2162@ADV65244.1$GCA_000186365.1	ADV65244.1		0	55	0	0	5	0	2	4	5	3	0	3	12	3	1	0	3	1	2	2	3	3	0	3	0.236363636363636	0.381818181818182	0.163636363636364	0.145454545454545	0.527272727272727	0.472727272727273	0.363636363636364	0.254545454545455	0.109090909090909	9.94012855242822	2275	Desulfurococcus^mucosus^DSM^2162	Complete Genome	1
GCA_000193375.1	184117_Thermoproteus^uzoniensis^768-20@AEA12364.1$GCA_000193375.1	AEA12364.1		0	67	0	0	6	0	2	4	4	4	0	6	11	2	3	3	2	2	2	2	7	3	1	3	0.283582089552239	0.432835820895522	0.164179104477612	0.119402985074627	0.507462686567164	0.492537313432836	0.283582089552239	0.194029850746269	0.0895522388059701	9.8733489748828	184117	Thermoproteus^uzoniensis^768-20	Complete Genome	1
GCA_000193375.1	184117_Thermoproteus^uzoniensis^768-20@AEA13100.1$GCA_000193375.1	AEA13100.1		0	77	0	0	6	1	2	4	5	3	2	8	11	3	3	4	3	3	2	2	5	4	1	5	0.220779220779221	0.38961038961039	0.194805194805195	0.168831168831169	0.545454545454545	0.454545454545455	0.272727272727273	0.194805194805195	0.0779220779220779	9.67841178341408	184117	Thermoproteus^uzoniensis^768-20	Complete Genome	1
GCA_000193375.1	184117_Thermoproteus^uzoniensis^768-20@AEA13576.1$GCA_000193375.1	AEA13576.1		0	55	0	0	5	0	2	3	3	3	0	4	10	2	2	1	3	2	2	1	5	3	1	3	0.254545454545455	0.418181818181818	0.163636363636364	0.127272727272727	0.527272727272727	0.472727272727273	0.309090909090909	0.218181818181818	0.0909090909090909	9.93093316750017	184117	Thermoproteus^uzoniensis^768-20	Complete Genome	1
GCA_000193375.1	184117_Thermoproteus^uzoniensis^768-20@AEA13624.1$GCA_000193375.1	AEA13624.1		0	73	0	0	7	1	2	4	3	4	0	4	5	4	1	3	4	1	9	6	4	6	0	5	0.301369863013699	0.506849315068493	0.191780821917808	0.10958904109589	0.534246575342466	0.465753424657534	0.273972602739726	0.191780821917808	0.0821917808219178	10.1644025447986	184117	Thermoproteus^uzoniensis^768-20	Complete Genome	1
GCA_000200715.1	46770_Cenarchaeum^symbiosum^A@ABK78104.1$GCA_000200715.1	ABK78104.1		0	47	0	0	3	4	0	3	1	4	0	2	8	1	1	3	3	0	4	2	2	5	0	1	0.319148936170213	0.553191489361702	0.170212765957447	0.0425531914893617	0.531914893617021	0.468085106382979	0.319148936170213	0.25531914893617	0.0638297872340425	9.97108036999201	46770	Cenarchaeum^symbiosum^A	Chromosome	1
GCA_000204585.1	1007084_Candidatus^Nitrosarchaeum^limnium^SFB1@EGG41331.1$GCA_000204585.1	EGG41331.1		0	47	0	0	3	4	1	3	1	4	0	1	9	1	2	2	3	0	4	0	3	5	0	1	0.297872340425532	0.531914893617021	0.148936170212766	0.0425531914893617	0.531914893617021	0.468085106382979	0.361702127659574	0.276595744680851	0.0851063829787234	9.89851486994695	1007084	Candidatus^Nitrosarchaeum^limnium^SFB1	Chromosome	1
GCA_000204585.1	1007084_Candidatus^Nitrosarchaeum^limnium^SFB1@EGG42376.1$GCA_000204585.1	EGG42376.1		0	76	0	0	3	3	3	2	3	4	2	7	13	5	3	3	3	1	2	9	5	2	1	2	0.315789473684211	0.460526315789474	0.184210526315789	0.105263157894737	0.473684210526316	0.526315789473684	0.289473684210526	0.223684210526316	0.0657894736842105	9.86539665942595	1007084	Candidatus^Nitrosarchaeum^limnium^SFB1	Chromosome	1
GCA_000220175.2	1088740_Nitrosarchaeum^koreense^MY1@EGP93549.1$GCA_000220175.2	EGP93549.1		0	47	0	0	3	4	2	1	1	6	0	4	7	1	2	1	3	0	4	1	4	1	0	2	0.382978723404255	0.531914893617021	0.127659574468085	0.0638297872340425	0.574468085106383	0.425531914893617	0.297872340425532	0.234042553191489	0.0638297872340425	9.8069174636792	1088740	Nitrosarchaeum^koreense^MY1	Contig	1
GCA_000220175.2	1088740_Nitrosarchaeum^koreense^MY1@EGP93794.1$GCA_000220175.2	EGP93794.1		0	76	0	0	3	3	3	2	3	4	1	4	14	6	5	3	3	0	2	7	7	2	1	3	0.315789473684211	0.460526315789474	0.157894736842105	0.105263157894737	0.486842105263158	0.513157894736842	0.289473684210526	0.223684210526316	0.0657894736842105	9.88025748460392	1088740	Nitrosarchaeum^koreense^MY1	Contig	1
GCA_000220175.2	1088740_Nitrosarchaeum^koreense^MY1@EGP94302.1$GCA_000220175.2	EGP94302.1		0	47	0	0	3	4	1	2	1	4	0	1	8	1	2	2	3	1	4	0	4	5	0	1	0.319148936170213	0.553191489361702	0.148936170212766	0.0425531914893617	0.531914893617021	0.468085106382979	0.319148936170213	0.25531914893617	0.0638297872340425	9.97108007104713	1088740	Nitrosarchaeum^koreense^MY1	Contig	1
GCA_000230485.1	1089683_uncultured^marine^crenarchaeote^'Gulf^of^Maine'@AGBE01000083.1-3$GCA_000230485.1	AGBE01000083.1-3		0	48	0	1	3	4	1	1	1	6	0	5	5	0	2	1	4	0	4	2	5	1	0	2	0.416666666666667	0.5625	0.125	0.0625	0.583333333333333	0.395833333333333	0.229166666666667	0.1875	0.0416666666666667	9.7628738357239	1089683	uncultured^marine^crenarchaeote^'Gulf^of^Maine'	Scaffold	1
GCA_000230485.1	1089683_uncultured^marine^crenarchaeote^'Gulf^of^Maine'@JH165314.1-20$GCA_000230485.1	JH165314.1-20		0	48	0	1	4	4	1	1	1	6	0	5	5	0	2	1	4	0	4	2	4	1	0	2	0.416666666666667	0.5625	0.125	0.0625	0.604166666666667	0.375	0.229166666666667	0.1875	0.0416666666666667	9.7628738357239	1089683	uncultured^marine^crenarchaeote^'Gulf^of^Maine'	Scaffold	1
GCA_000230485.1	1089683_uncultured^marine^crenarchaeote^'Gulf^of^Maine'@JH165323.1-3$GCA_000230485.1	JH165323.1-3		0	51	0	1	4	4	2	2	1	4	0	2	8	1	2	2	4	1	4	0	3	5	0	1	0.294117647058824	0.549019607843137	0.156862745098039	0.0392156862745098	0.549019607843137	0.431372549019608	0.313725490196078	0.235294117647059	0.0784313725490196	9.8069147017669	1089683	uncultured^marine^crenarchaeote^'Gulf^of^Maine'	Scaffold	1
GCA_000230485.1	1089683_uncultured^marine^crenarchaeote^'Gulf^of^Maine'@AGBE01000545.1-1$GCA_000230485.1	AGBE01000545.1-1		0	51	0	1	4	4	2	2	1	4	0	2	8	1	2	2	4	1	4	0	3	5	0	1	0.294117647058824	0.549019607843137	0.156862745098039	0.0392156862745098	0.549019607843137	0.431372549019608	0.313725490196078	0.235294117647059	0.0784313725490196	9.8069147017669	1089683	uncultured^marine^crenarchaeote^'Gulf^of^Maine'	Scaffold	1
GCA_000230485.1	1089683_uncultured^marine^crenarchaeote^'Gulf^of^Maine'@JH165374.1-41$GCA_000230485.1	JH165374.1-41		0	78	0	1	3	3	2	4	4	4	0	6	10	4	3	4	3	3	6	9	3	3	1	2	0.282051282051282	0.435897435897436	0.166666666666667	0.0897435897435897	0.461538461538462	0.525641025641026	0.282051282051282	0.205128205128205	0.0769230769230769	10.0281895215097	1089683	uncultured^marine^crenarchaeote^'Gulf^of^Maine'	Scaffold	1
GCA_000230485.1	1089683_uncultured^marine^crenarchaeote^'Gulf^of^Maine'@AGBE01001121.1-2$GCA_000230485.1	AGBE01001121.1-2		0	48	0	1	3	4	1	1	1	6	0	5	5	0	2	1	4	0	4	2	5	1	0	2	0.416666666666667	0.5625	0.125	0.0625	0.583333333333333	0.395833333333333	0.229166666666667	0.1875	0.0416666666666667	9.7628738357239	1089683	uncultured^marine^crenarchaeote^'Gulf^of^Maine'	Scaffold	1
GCA_000230485.1	1089683_uncultured^marine^crenarchaeote^'Gulf^of^Maine'@JH165484.1-13$GCA_000230485.1	JH165484.1-13		0	78	0	1	4	3	1	5	4	4	1	5	11	4	3	5	3	3	4	8	3	3	1	2	0.282051282051282	0.435897435897436	0.153846153846154	0.102564102564103	0.461538461538462	0.525641025641026	0.282051282051282	0.205128205128205	0.0769230769230769	9.84457762993193	1089683	uncultured^marine^crenarchaeote^'Gulf^of^Maine'	Scaffold	1
GCA_000230485.1	1089683_uncultured^marine^crenarchaeote^'Gulf^of^Maine'@JH165505.1-27$GCA_000230485.1	JH165505.1-27		0	78	0	1	4	3	1	5	3	4	1	5	11	5	3	5	3	3	4	7	4	3	1	2	0.282051282051282	0.435897435897436	0.166666666666667	0.0897435897435897	0.461538461538462	0.525641025641026	0.282051282051282	0.205128205128205	0.0769230769230769	9.84457762993193	1089683	uncultured^marine^crenarchaeote^'Gulf^of^Maine'	Scaffold	1
GCA_000230485.1	1089683_uncultured^marine^crenarchaeote^'Gulf^of^Maine'@JH165508.1-40$GCA_000230485.1	JH165508.1-40		0	51	0	1	4	4	2	2	1	3	0	3	8	1	2	2	4	1	3	0	4	5	0	1	0.294117647058824	0.549019607843137	0.176470588235294	0.0392156862745098	0.549019607843137	0.431372549019608	0.294117647058824	0.215686274509804	0.0784313725490196	9.63999313350353	1089683	uncultured^marine^crenarchaeote^'Gulf^of^Maine'	Scaffold	1
GCA_000230485.1	1089683_uncultured^marine^crenarchaeote^'Gulf^of^Maine'@AGBE01000212.1-1$GCA_000230485.1	AGBE01000212.1-1		0	56	0	1	4	4	2	2	2	4	0	3	8	2	3	3	4	1	4	0	3	5	0	1	0.267857142857143	0.517857142857143	0.178571428571429	0.0535714285714286	0.571428571428571	0.410714285714286	0.285714285714286	0.214285714285714	0.0714285714285714	9.8069147017669	1089683	uncultured^marine^crenarchaeote^'Gulf^of^Maine'	Scaffold	1
GCA_000230485.1	1089683_uncultured^marine^crenarchaeote^'Gulf^of^Maine'@AGBE01001033.1-2$GCA_000230485.1	AGBE01001033.1-2		0	51	0	1	4	4	2	2	1	4	0	2	8	1	2	2	4	1	3	0	4	5	0	1	0.313725490196078	0.568627450980392	0.156862745098039	0.0392156862745098	0.549019607843137	0.431372549019608	0.294117647058824	0.215686274509804	0.0784313725490196	9.63999313350353	1089683	uncultured^marine^crenarchaeote^'Gulf^of^Maine'	Scaffold	1
GCA_000230485.1	1089683_uncultured^marine^crenarchaeote^'Gulf^of^Maine'@AGBE01001702.1-3$GCA_000230485.1	AGBE01001702.1-3		0	41	0	1	4	3	1	1	1	5	0	4	5	0	1	1	4	0	4	2	3	0	0	1	0.414634146341463	0.560975609756098	0.0975609756097561	0.0487804878048781	0.560975609756098	0.414634146341463	0.268292682926829	0.219512195121951	0.0487804878048781	10.0577269254711	1089683	uncultured^marine^crenarchaeote^'Gulf^of^Maine'	Scaffold	1
GCA_000234805.1	1104324_Pyrobaculum^ferrireducens@AET32748.1$GCA_000234805.1	AET32748.1		0	57	0	0	5	0	2	3	3	3	0	2	12	3	3	1	2	3	2	2	3	4	0	4	0.228070175438596	0.385964912280702	0.157894736842105	0.12280701754386	0.508771929824561	0.491228070175439	0.333333333333333	0.245614035087719	0.087719298245614	9.99797012121326	1104324	Pyrobaculum^ferrireducens	Complete Genome	1
GCA_000234805.1	1104324_Pyrobaculum^ferrireducens@AET32807.1$GCA_000234805.1	AET32807.1		0	57	0	0	5	0	2	3	3	3	0	2	12	3	3	1	2	3	2	2	3	4	0	4	0.228070175438596	0.385964912280702	0.157894736842105	0.12280701754386	0.508771929824561	0.491228070175439	0.333333333333333	0.245614035087719	0.087719298245614	9.99797012121326	1104324	Pyrobaculum^ferrireducens	Complete Genome	1
GCA_000234805.1	1104324_Pyrobaculum^ferrireducens@AET33462.1$GCA_000234805.1	AET33462.1		0	56	0	0	5	0	2	3	3	2	0	3	12	3	3	2	2	1	2	2	4	3	0	4	0.232142857142857	0.392857142857143	0.160714285714286	0.125	0.5	0.5	0.339285714285714	0.25	0.0892857142857143	9.99797012121326	1104324	Pyrobaculum^ferrireducens	Complete Genome	1
GCA_000234805.1	1104324_Pyrobaculum^ferrireducens@AET34003.1$GCA_000234805.1	AET34003.1		0	75	0	0	6	1	2	4	4	5	1	4	4	6	1	0	3	1	11	6	4	6	0	6	0.293333333333333	0.44	0.213333333333333	0.146666666666667	0.56	0.44	0.293333333333333	0.213333333333333	0.08	10.3303084035223	1104324	Pyrobaculum^ferrireducens	Complete Genome	1
GCA_000242875.3	1170320_Candidatus^Nitrosopumilus^salaria^BD31@EIJ64905.1$GCA_000242875.3	EIJ64905.1		0	47	0	0	2	4	1	2	1	6	0	5	6	0	2	1	3	0	4	2	5	1	0	2	0.404255319148936	0.531914893617021	0.127659574468085	0.0638297872340425	0.553191489361702	0.446808510638298	0.276595744680851	0.212765957446809	0.0638297872340425	9.69566485958924	1170320	Candidatus^Nitrosopumilus^salaria^BD31	Contig	1
GCA_000242875.3	1170320_Candidatus^Nitrosopumilus^salaria^BD31@EIJ65144.1$GCA_000242875.3	EIJ65144.1		0	52	0	0	3	4	2	2	2	4	0	3	7	1	3	3	3	2	4	0	4	4	0	1	0.288461538461538	0.519230769230769	0.153846153846154	0.0576923076923077	0.538461538461538	0.461538461538462	0.288461538461538	0.211538461538462	0.0769230769230769	9.6956719724608	1170320	Candidatus^Nitrosopumilus^salaria^BD31	Contig	1
GCA_000242875.3	1170320_Candidatus^Nitrosopumilus^salaria^BD31@EIJ65584.1$GCA_000242875.3	EIJ65584.1		0	115	0	0	1	4	4	13	3	4	3	10	19	7	2	7	3	6	7	12	5	4	0	1	0.226086956521739	0.382608695652174	0.182608695652174	0.0608695652173913	0.339130434782609	0.660869565217391	0.4	0.252173913043478	0.147826086956522	9.51348466413863	1170320	Candidatus^Nitrosopumilus^salaria^BD31	Contig	1
GCA_000246735.1	274854_uncultured^Candidatus^Poseidoniales^archaeon@EHR76729.1$GCA_000246735.1	EHR76729.1		0	50	0	0	2	4	1	2	2	7	0	4	7	2	3	1	1	1	2	4	4	2	0	1	0.42	0.52	0.16	0.06	0.56	0.44	0.24	0.18	0.06	9.50706898637947	274854	uncultured^Candidatus^Poseidoniales^archaeon	Chromosome	1
GCA_000253055.1	2271_Thermoproteus^tenax^Kra^1@CCC80984.1$GCA_000253055.1	CCC80984.1		0	56	0	0	6	0	2	3	3	3	0	4	11	2	2	1	2	2	2	1	5	3	1	3	0.267857142857143	0.410714285714286	0.160714285714286	0.125	0.517857142857143	0.482142857142857	0.321428571428571	0.232142857142857	0.0892857142857143	9.99767683765664	2271	Thermoproteus^tenax^Kra^1	Complete Genome	1
GCA_000253055.1	2271_Thermoproteus^tenax^Kra^1@CCC82051.1$GCA_000253055.1	CCC82051.1		0	55	0	0	5	0	2	3	3	3	0	4	10	2	2	1	3	2	2	1	5	3	1	3	0.254545454545455	0.418181818181818	0.163636363636364	0.127272727272727	0.527272727272727	0.472727272727273	0.309090909090909	0.218181818181818	0.0909090909090909	9.93093316750017	2271	Thermoproteus^tenax^Kra^1	Complete Genome	1
GCA_000253055.1	2271_Thermoproteus^tenax^Kra^1@CCC82092.1$GCA_000253055.1	CCC82092.1		0	71	0	0	5	1	3	4	4	5	0	6	4	5	1	2	2	2	7	5	5	6	0	4	0.295774647887324	0.47887323943662	0.23943661971831	0.112676056338028	0.549295774647887	0.450704225352113	0.253521126760563	0.154929577464789	0.0985915492957746	9.57530688042266	2271	Thermoproteus^tenax^Kra^1	Complete Genome	1
GCA_000253055.1	2271_Thermoproteus^tenax^Kra^1@CCC82471.1$GCA_000253055.1	CCC82471.1		0	55	0	0	5	0	2	3	3	3	0	4	10	2	2	1	3	2	2	1	5	3	1	3	0.254545454545455	0.418181818181818	0.163636363636364	0.127272727272727	0.527272727272727	0.472727272727273	0.309090909090909	0.218181818181818	0.0909090909090909	9.93093316750017	2271	Thermoproteus^tenax^Kra^1	Complete Genome	1
GCA_000258425.1	683846_Fervidicoccus^fontis^Kam940@AFH42340.1$GCA_000258425.1	AFH42340.1		0	58	0	0	3	0	1	6	1	3	0	3	14	6	1	2	1	1	2	2	4	6	0	2	0.206896551724138	0.379310344827586	0.258620689655172	0.0517241379310345	0.448275862068966	0.551724137931034	0.396551724137931	0.275862068965517	0.120689655172414	9.99796592567088	683846	Fervidicoccus^fontis^Kam940	Complete Genome	1
GCA_000258425.1	683846_Fervidicoccus^fontis^Kam940@AFH42693.1$GCA_000258425.1	AFH42693.1		0	58	0	0	5	0	1	6	2	3	0	4	10	4	1	2	2	2	4	2	3	6	0	1	0.224137931034483	0.413793103448276	0.241379310344828	0.0517241379310345	0.482758620689655	0.517241379310345	0.362068965517241	0.241379310344828	0.120689655172414	10.0718952695863	683846	Fervidicoccus^fontis^Kam940	Complete Genome	1
GCA_000264495.1	1200300_Thermogladius^calderae^1633@AFK51062.1$GCA_000264495.1	AFK51062.1		0	55	0	0	5	0	2	4	4	3	0	3	11	3	1	0	3	1	3	1	3	4	0	4	0.218181818181818	0.381818181818182	0.181818181818182	0.145454545454545	0.545454545454545	0.454545454545455	0.363636363636364	0.254545454545455	0.109090909090909	9.93913061040525	1200300	Thermogladius^calderae^1633	Complete Genome	1
GCA_000299395.1	1229909_Candidatus^Nitrosopumilus^sediminis@AFS82562.1$GCA_000299395.1	AFS82562.1		0	47	0	0	2	4	1	1	1	7	0	5	6	0	2	1	4	0	4	1	5	1	0	2	0.404255319148936	0.553191489361702	0.127659574468085	0.0638297872340425	0.595744680851064	0.404255319148936	0.25531914893617	0.212765957446809	0.0425531914893617	9.87751280491453	1229909	Candidatus^Nitrosopumilus^sediminis	Complete Genome	1
GCA_000299395.1	1229909_Candidatus^Nitrosopumilus^sediminis@AFS82812.1$GCA_000299395.1	AFS82812.1		0	82	0	0	5	3	1	5	4	6	1	5	13	5	5	4	3	4	3	8	2	2	1	2	0.292682926829268	0.414634146341463	0.146341463414634	0.0975609756097561	0.5	0.5	0.280487804878049	0.207317073170732	0.0731707317073171	9.86459305206833	1229909	Candidatus^Nitrosopumilus^sediminis	Complete Genome	1
GCA_000299395.1	1229909_Candidatus^Nitrosopumilus^sediminis@AFS83344.1$GCA_000299395.1	AFS83344.1		0	48	0	0	3	4	2	2	1	4	0	2	7	1	2	2	3	1	4	0	5	4	0	1	0.333333333333333	0.5625	0.145833333333333	0.0416666666666667	0.520833333333333	0.479166666666667	0.3125	0.229166666666667	0.0833333333333333	9.6956719724608	1229909	Candidatus^Nitrosopumilus^sediminis	Complete Genome	1
GCA_000303155.1	497727_Candidatus^Nitrososphaera^gargensis^Ga9.2@AFU57591.1$GCA_000303155.1	AFU57591.1		0	48	0	0	5	4	1	2	1	4	0	1	11	0	4	1	2	1	1	0	5	4	0	1	0.375	0.541666666666667	0.104166666666667	0.0416666666666667	0.541666666666667	0.458333333333333	0.3125	0.25	0.0625	9.7869464226529	497727	Candidatus^Nitrososphaera^gargensis^Ga9.2	Complete Genome	1
GCA_000375605.1	1130301_crenarchaeote^SCGC^AAA261-G18@AQVH01000006.1-11$GCA_000375605.1	AQVH01000006.1-11		0	50	0	1	2	3	1	2	0	5	0	4	9	2	1	2	2	1	2	1	5	5	0	2	0.32	0.52	0.22	0.04	0.52	0.46	0.28	0.22	0.06	9.82093996780289	1130301	crenarchaeote^SCGC^AAA261-G18	Contig	1
GCA_000387965.1	1294122_Candidatus^Nanobsidianus^stetteri@EOD42449.1$GCA_000387965.1	EOD42449.1		0	51	0	0	3	4	0	2	1	3	0	2	8	1	2	2	3	3	2	1	4	6	0	4	0.294117647058824	0.509803921568627	0.176470588235294	0.0980392156862745	0.568627450980392	0.431372549019608	0.235294117647059	0.196078431372549	0.0392156862745098	9.65272214779143	1294122	Candidatus^Nanobsidianus^stetteri	Contig	1
GCA_000399765.1	1131266_Marine^Group^I^thaumarchaeote^SCGC^AB-629-I23@ARWQ01000002.1-200$GCA_000399765.1	ARWQ01000002.1-200		0	48	0	1	3	4	0	2	1	5	0	2	7	1	2	1	2	1	3	2	8	2	0	1	0.458333333333333	0.5625	0.104166666666667	0.0416666666666667	0.479166666666667	0.5	0.25	0.208333333333333	0.0416666666666667	9.87886911249375	1131266	Marine^Group^I^thaumarchaeote^SCGC^AB-629-I23	Contig	1
GCA_000399765.1	1131266_Marine^Group^I^thaumarchaeote^SCGC^AB-629-I23@ARWQ01000091.1-2$GCA_000399765.1	ARWQ01000091.1-2		0	48	0	1	3	4	2	3	1	4	0	2	6	2	1	2	4	0	4	0	5	3	0	1	0.333333333333333	0.5625	0.145833333333333	0.0416666666666667	0.520833333333333	0.458333333333333	0.3125	0.208333333333333	0.104166666666667	9.33866246824271	1131266	Marine^Group^I^thaumarchaeote^SCGC^AB-629-I23	Contig	1
GCA_000402075.1	913333_Thaumarchaeota^archaeon^SCGC^AAA007-O23@ARWO01000002.1-42$GCA_000402075.1	ARWO01000002.1-42		0	51	0	1	3	4	3	3	1	4	0	2	7	1	2	3	4	1	4	0	4	3	0	1	0.294117647058824	0.549019607843137	0.117647058823529	0.0392156862745098	0.490196078431373	0.490196078431373	0.333333333333333	0.215686274509804	0.117647058823529	9.30039364256386	913333	Thaumarchaeota^archaeon^SCGC^AAA007-O23	Contig	1
GCA_000402075.1	913333_Thaumarchaeota^archaeon^SCGC^AAA007-O23@ARWO01000004.1-23$GCA_000402075.1	ARWO01000004.1-23		0	48	0	1	3	4	0	2	1	5	0	2	7	1	2	1	2	1	3	2	8	2	0	1	0.458333333333333	0.5625	0.104166666666667	0.0416666666666667	0.479166666666667	0.5	0.25	0.208333333333333	0.0416666666666667	9.87886911249375	913333	Thaumarchaeota^archaeon^SCGC^AAA007-O23	Contig	1
GCA_000405225.1	743729_Nanoarchaeota^archaeon^SCGC^AAA011-D5@ASMP01000001.1-85$GCA_000405225.1	ASMP01000001.1-85		0	64	0	1	7	4	1	2	1	7	0	2	11	1	5	3	1	5	2	3	2	4	0	2	0.359375	0.5	0.109375	0.046875	0.53125	0.453125	0.25	0.203125	0.046875	9.86130432649276	743729	Nanoarchaeota^archaeon^SCGC^AAA011-D5	Contig	1
GCA_000405745.1	1104571_Thaumarchaeota^archaeon^SCGC^AB-179-E04@ASPK01000005.1-6$GCA_000405745.1	ASPK01000005.1-6		0	48	0	1	4	4	1	1	1	3	0	3	10	1	1	3	5	1	2	0	2	4	0	1	0.270833333333333	0.541666666666667	0.166666666666667	0.0416666666666667	0.5625	0.416666666666667	0.291666666666667	0.25	0.0416666666666667	9.97831152057025	1104571	Thaumarchaeota^archaeon^SCGC^AB-179-E04	Contig	1
GCA_000484935.1	1298895_Euryarchaeota^archaeum^SCGC^AAA287-E17@AXWJ01000004.1-12$GCA_000484935.1	AXWJ01000004.1-12		0	52	0	1	2	4	1	4	1	5	0	3	7	1	1	2	5	0	4	0	6	4	0	1	0.326923076923077	0.557692307692308	0.153846153846154	0.0384615384615385	0.519230769230769	0.461538461538462	0.307692307692308	0.211538461538462	0.0961538461538462	9.50581428503091	1298895	Euryarchaeota^archaeum^SCGC^AAA287-E17	Contig	1
GCA_000484955.1	1298894_Euryarchaeota^archaeum^SCGC^AAA287-N16@AXWK01000001.1-33$GCA_000484955.1	AXWK01000001.1-33		0	48	0	1	2	4	1	3	1	4	0	2	6	1	1	2	4	1	4	0	6	4	0	1	0.333333333333333	0.5625	0.145833333333333	0.0416666666666667	0.5	0.479166666666667	0.291666666666667	0.208333333333333	0.0833333333333333	9.5573670929848	1298894	Euryarchaeota^archaeum^SCGC^AAA287-N16	Contig	1
GCA_000484955.1	1298894_Euryarchaeota^archaeum^SCGC^AAA287-N16@AXWK01000007.1-14$GCA_000484955.1	AXWK01000007.1-14		0	48	0	1	3	4	0	2	1	6	0	3	7	1	2	1	2	1	3	1	7	2	0	1	0.4375	0.541666666666667	0.125	0.0416666666666667	0.520833333333333	0.458333333333333	0.25	0.208333333333333	0.0416666666666667	9.87886911249375	1298894	Euryarchaeota^archaeum^SCGC^AAA287-N16	Contig	1
GCA_000484975.1	1298885_Thaumarchaeota^archaeon^SCGC^AAA282-K18@AXWL01000002.1-59$GCA_000484975.1	AXWL01000002.1-59		0	48	0	1	3	4	1	1	1	7	0	5	6	0	2	1	3	1	3	1	5	1	0	2	0.416666666666667	0.541666666666667	0.125	0.0625	0.583333333333333	0.395833333333333	0.229166666666667	0.1875	0.0416666666666667	9.69657684634281	1298885	Thaumarchaeota^archaeon^SCGC^AAA282-K18	Contig	1
GCA_000484975.1	1298885_Thaumarchaeota^archaeon^SCGC^AAA282-K18@AXWL01000019.1-19$GCA_000484975.1	AXWL01000019.1-19		0	51	0	1	3	4	2	4	1	4	0	2	9	1	2	1	4	0	4	0	4	4	0	1	0.294117647058824	0.509803921568627	0.137254901960784	0.0392156862745098	0.509803921568627	0.470588235294118	0.372549019607843	0.254901960784314	0.117647058823529	9.5906825711631	1298885	Thaumarchaeota^archaeon^SCGC^AAA282-K18	Contig	1
GCA_000591035.1	229980_Aeropyrum^camini^SY1^=^JCM^12091@BAN90305.1$GCA_000591035.1	BAN90305.1		0	56	0	0	4	0	2	5	5	3	0	2	13	2	1	1	2	0	3	1	3	4	0	5	0.196428571428571	0.357142857142857	0.142857142857143	0.178571428571429	0.5	0.5	0.410714285714286	0.285714285714286	0.125	9.90089893108493	229980	Aeropyrum^camini^SY1^=^JCM^12091	Complete Genome	1
GCA_000685395.1	1353246_Candidatus^Nitrosotenuis^chungbukensis@AVSQ01000016.1-58$GCA_000685395.1	AVSQ01000016.1-58		0	48	0	1	5	4	0	1	1	5	0	3	7	1	3	1	3	0	3	2	4	3	0	1	0.416666666666667	0.5625	0.145833333333333	0.0416666666666667	0.604166666666667	0.375	0.229166666666667	0.208333333333333	0.0208333333333333	10.0621391398098	1353246	Candidatus^Nitrosotenuis^chungbukensis	Contig	1
GCA_000698785.1	1034015_Nitrososphaera^viennensis^EN76@AIC14741.1$GCA_000698785.1	AIC14741.1		0	74	0	0	12	4	0	2	1	11	0	1	20	1	4	2	1	2	2	3	4	3	0	1	0.459459459459459	0.540540540540541	0.0675675675675676	0.027027027027027	0.527027027027027	0.472972972972973	0.324324324324324	0.297297297297297	0.027027027027027	10.4082134075973	1034015	Nitrososphaera^viennensis^EN76	Complete Genome	1
GCA_000698785.1	1034015_Nitrososphaera^viennensis^EN76@AIC16779.1$GCA_000698785.1	AIC16779.1		0	58	0	0	4	4	1	3	2	5	1	2	12	2	5	1	5	1	2	0	5	1	0	2	0.310344827586207	0.448275862068966	0.0862068965517241	0.0862068965517241	0.551724137931034	0.448275862068966	0.327586206896552	0.258620689655172	0.0689655172413793	9.81370027047398	1034015	Nitrososphaera^viennensis^EN76	Complete Genome	1
GCA_000723185.1	1407055_Candidatus^Nitrosotenuis^uzonensis@CDI04914.1$GCA_000723185.1	CDI04914.1		0	57	0	0	6	0	2	4	1	2	1	6	11	3	1	1	1	2	4	4	2	3	1	2	0.245614035087719	0.368421052631579	0.210526315789474	0.087719298245614	0.456140350877193	0.543859649122807	0.385964912280702	0.280701754385965	0.105263157894737	10.1955199736663	1407055	Candidatus^Nitrosotenuis^uzonensis	Contig	1
GCA_000723185.1	1407055_Candidatus^Nitrosotenuis^uzonensis@CDI05485.1$GCA_000723185.1	CDI05485.1		0	46	0	0	5	4	0	1	1	5	0	4	7	1	2	1	3	0	3	2	4	2	0	1	0.434782608695652	0.565217391304348	0.152173913043478	0.0434782608695652	0.608695652173913	0.391304347826087	0.239130434782609	0.217391304347826	0.0217391304347826	10.0621391398098	1407055	Candidatus^Nitrosotenuis^uzonensis	Contig	1
GCA_000724145.1	1502292_Marine^Group^I^thaumarchaeote^SCGC^AAA799-E16@KER05892.1$GCA_000724145.1	KER05892.1		0	47	0	0	3	4	1	1	1	7	0	5	6	0	2	1	3	0	4	1	5	1	0	2	0.425531914893617	0.553191489361702	0.127659574468085	0.0638297872340425	0.595744680851064	0.404255319148936	0.25531914893617	0.212765957446809	0.0425531914893617	9.87751280491453	1502292	Marine^Group^I^thaumarchaeote^SCGC^AAA799-E16	Scaffold	1
GCA_000724145.1	1502292_Marine^Group^I^thaumarchaeote^SCGC^AAA799-E16@KER06303.1$GCA_000724145.1	KER06303.1		0	48	0	0	2	4	3	3	1	4	0	2	8	1	2	2	3	0	4	0	4	4	0	1	0.291666666666667	0.541666666666667	0.145833333333333	0.0416666666666667	0.5	0.5	0.375	0.25	0.125	9.46133935437829	1502292	Marine^Group^I^thaumarchaeote^SCGC^AAA799-E16	Scaffold	1
GCA_000730285.1	1459637_Candidatus^Nitrososphaera^evergladensis^SR1@AIF83968.1$GCA_000730285.1	AIF83968.1		0	58	0	0	9	2	0	1	1	11	0	1	17	1	3	2	1	1	1	2	3	2	0	0	0.46551724137931	0.551724137931034	0.0689655172413793	0.0172413793103448	0.53448275862069	0.46551724137931	0.327586206896552	0.310344827586207	0.0172413793103448	10.6685974738045	1459637	Candidatus^Nitrososphaera^evergladensis^SR1	Complete Genome	1
GCA_000730285.1	1459637_Candidatus^Nitrososphaera^evergladensis^SR1@AIF85094.1$GCA_000730285.1	AIF85094.1		0	45	0	0	3	4	1	2	1	5	0	3	11	0	4	1	3	1	1	0	3	1	0	1	0.333333333333333	0.466666666666667	0.0888888888888889	0.0444444444444444	0.555555555555556	0.444444444444444	0.333333333333333	0.266666666666667	0.0666666666666667	9.7869464226529	1459637	Candidatus^Nitrososphaera^evergladensis^SR1	Complete Genome	1
GCA_000746695.1	1502290_Marine^Group^I^thaumarchaeote^SCGC^AAA799-D07@KFM20706.1$GCA_000746695.1	KFM20706.1		0	54	0	0	3	4	0	1	4	6	1	2	6	1	3	4	2	1	3	0	9	3	0	1	0.407407407407407	0.574074074074074	0.111111111111111	0.111111111111111	0.537037037037037	0.462962962962963	0.203703703703704	0.185185185185185	0.0185185185185185	9.96620274594754	1502290	Marine^Group^I^thaumarchaeote^SCGC^AAA799-D07	Contig	1
GCA_000746705.1	1502294_Marine^Group^I^thaumarchaeote^SCGC^AAA799-O18@KFM15301.1$GCA_000746705.1	KFM15301.1		0	47	0	0	2	4	0	4	1	4	0	2	7	1	1	3	4	1	4	0	4	4	0	1	0.297872340425532	0.531914893617021	0.148936170212766	0.0425531914893617	0.51063829787234	0.48936170212766	0.319148936170213	0.234042553191489	0.0851063829787234	9.6956712746863	1502294	Marine^Group^I^thaumarchaeote^SCGC^AAA799-O18	Scaffold	1
GCA_000802205.2	1353260_Candidatus^Nitrosocosmicus^oleophilus@ALI35007.1$GCA_000802205.2	ALI35007.1		0	56	0	0	2	4	1	4	1	5	0	2	13	0	5	2	1	3	2	2	4	4	0	1	0.303571428571429	0.446428571428571	0.107142857142857	0.0357142857142857	0.446428571428571	0.553571428571429	0.357142857142857	0.267857142857143	0.0892857142857143	9.81368888807441	1353260	Candidatus^Nitrosocosmicus^oleophilus	Complete Genome	1
GCA_000805935.1	1579369_archaeon^GW2011_AR9@KHO50089.1$GCA_000805935.1	KHO50089.1		0	53	0	0	6	4	0	3	1	7	0	2	11	1	4	0	1	0	4	1	3	4	0	1	0.39622641509434	0.490566037735849	0.132075471698113	0.0377358490566038	0.584905660377358	0.415094339622642	0.339622641509434	0.283018867924528	0.0566037735849057	10.1749366216513	1579369	archaeon^GW2011_AR9	Scaffold	1
GCA_000805965.1	1579372_archaeon^GW2011_AR13@KHO52103.1$GCA_000805965.1	KHO52103.1		0	65	0	0	6	5	2	3	1	7	0	3	12	0	4	1	1	1	1	4	6	6	0	2	0.430769230769231	0.584615384615385	0.138461538461538	0.0461538461538462	0.538461538461538	0.461538461538462	0.276923076923077	0.2	0.0769230769230769	9.4795969542912	1579372	archaeon^GW2011_AR13	Scaffold	1
GCA_000806015.1	1579377_archaeon^GW2011_AR19@KHO54332.1$GCA_000806015.1	KHO54332.1		0	48	0	0	3	5	1	2	0	6	0	1	12	1	3	0	1	1	1	1	6	3	0	1	0.4375	0.541666666666667	0.104166666666667	0.0208333333333333	0.5	0.5	0.333333333333333	0.270833333333333	0.0625	9.75856637028654	1579377	archaeon^GW2011_AR19	Scaffold	1
GCA_000806055.1	1579364_archaeon^GW2011_AR1@KHO48657.1$GCA_000806055.1	KHO48657.1		0	65	0	0	6	6	5	1	1	7	2	0	14	0	7	1	2	2	0	2	3	4	0	2	0.369230769230769	0.553846153846154	0.0615384615384615	0.0769230769230769	0.538461538461538	0.461538461538462	0.338461538461538	0.246153846153846	0.0923076923076923	9.34184667194468	1579364	archaeon^GW2011_AR1	Scaffold	1
GCA_000806095.1	1579366_archaeon^GW2011_AR4@KHO45685.1$GCA_000806095.1	KHO45685.1		0	50	0	0	4	5	1	1	1	4	0	1	6	1	5	2	4	1	3	3	2	5	0	1	0.36	0.6	0.14	0.04	0.62	0.38	0.22	0.18	0.04	9.60022564475628	1579366	archaeon^GW2011_AR4	Scaffold	1
GCA_000806135.1	1579371_archaeon^GW2011_AR11@KHO53414.1$GCA_000806135.1	KHO53414.1		0	43	0	0	2	3	2	1	1	5	0	2	10	1	3	1	0	1	2	3	3	3	0	0	0.372093023255814	0.511627906976744	0.13953488372093	0.0232558139534884	0.465116279069767	0.534883720930233	0.348837209302326	0.27906976744186	0.0697674418604651	10.0399735404698	1579371	archaeon^GW2011_AR11	Scaffold	1
GCA_000812185.1	1410606_Candidatus^Nitrosopelagicus^brevis@AJA92019.1$GCA_000812185.1	AJA92019.1		0	56	0	0	6	1	3	4	0	4	0	5	9	2	2	1	1	1	3	3	3	6	0	2	0.303571428571429	0.5	0.232142857142857	0.0357142857142857	0.517857142857143	0.482142857142857	0.339285714285714	0.214285714285714	0.125	9.61059152262198	1410606	Candidatus^Nitrosopelagicus^brevis	Complete Genome	1
GCA_000812185.1	1410606_Candidatus^Nitrosopelagicus^brevis@AJA92214.1$GCA_000812185.1	AJA92214.1		0	47	0	0	3	4	1	5	1	5	0	2	8	1	1	1	2	1	3	0	3	5	0	1	0.319148936170213	0.51063829787234	0.170212765957447	0.0425531914893617	0.531914893617021	0.468085106382979	0.361702127659574	0.234042553191489	0.127659574468085	9.26683480162195	1410606	Candidatus^Nitrosopelagicus^brevis	Complete Genome	1
GCA_000830295.1	1579373_archaeon^GW2011_AR15@AJF61575.1$GCA_000830295.1	AJF61575.1		0	47	0	0	4	4	2	1	0	6	0	1	11	1	5	1	1	1	2	0	3	2	0	2	0.361702127659574	0.48936170212766	0.0851063829787234	0.0425531914893617	0.553191489361702	0.446808510638298	0.340425531914894	0.276595744680851	0.0638297872340425	9.86130404560447	1579373	archaeon^GW2011_AR15	Chromosome	1
GCA_000830315.1	1579378_archaeon^GW2011_AR20@AJF62432.1$GCA_000830315.1	AJF62432.1		0	57	0	0	4	1	3	4	4	2	1	2	13	0	1	2	1	1	2	5	3	5	1	2	0.263157894736842	0.456140350877193	0.12280701754386	0.140350877192982	0.403508771929825	0.596491228070175	0.403508771929825	0.280701754385965	0.12280701754386	9.83771161458317	1579378	archaeon^GW2011_AR20	Complete Genome	1
GCA_000875775.1	1582439_Nitrosopumilus^piranensis@AJM91679.1$GCA_000875775.1	AJM91679.1		0	496	0	0	21	5	24	84	10	13	8	37	49	44	4	15	53	33	17	36	16	18	2	7	0.183467741935484	0.405241935483871	0.199596774193548	0.0544354838709677	0.431451612903226	0.568548387096774	0.366935483870968	0.149193548387097	0.217741935483871	4.70532799550559	1582439	Nitrosopumilus^piranensis	Complete Genome	1
GCA_000875775.1	1582439_Nitrosopumilus^piranensis@AJM92503.1$GCA_000875775.1	AJM92503.1		0	77	0	0	5	3	3	4	4	4	0	5	12	4	3	4	3	2	4	7	4	3	1	2	0.298701298701299	0.467532467532468	0.155844155844156	0.0909090909090909	0.480519480519481	0.519480519480519	0.298701298701299	0.207792207792208	0.0909090909090909	9.79657458858668	1582439	Nitrosopumilus^piranensis	Complete Genome	1
GCA_000875775.1	1582439_Nitrosopumilus^piranensis@AJM92720.1$GCA_000875775.1	AJM92720.1		0	47	0	0	3	4	1	1	1	7	0	5	6	0	2	1	3	0	4	1	5	1	0	2	0.425531914893617	0.553191489361702	0.127659574468085	0.0638297872340425	0.595744680851064	0.404255319148936	0.25531914893617	0.212765957446809	0.0425531914893617	9.87751280491453	1582439	Nitrosopumilus^piranensis	Complete Genome	1
GCA_000875775.1	1582439_Nitrosopumilus^piranensis@AJM93284.1$GCA_000875775.1	AJM93284.1		0	48	0	0	2	4	1	4	1	4	0	2	8	1	2	3	3	0	4	0	4	4	0	1	0.291666666666667	0.520833333333333	0.145833333333333	0.0416666666666667	0.5	0.5	0.354166666666667	0.25	0.104166666666667	9.63925342420227	1582439	Nitrosopumilus^piranensis	Complete Genome	1
GCA_000955905.3	1603555_Candidatus^Nitrosotenuis^cloacae@AKD44133.1$GCA_000955905.3	AKD44133.1		0	47	0	0	5	4	0	1	1	5	0	3	7	0	4	1	3	0	3	3	4	2	0	1	0.446808510638298	0.574468085106383	0.106382978723404	0.0425531914893617	0.595744680851064	0.404255319148936	0.234042553191489	0.212765957446809	0.0212765957446809	10.0621391398098	1603555	Candidatus^Nitrosotenuis^cloacae	Complete Genome	1
GCA_000956175.1	1580092_Nitrosopumilus^adriaticus@AJW69996.1$GCA_000956175.1	AJW69996.1		0	175	0	0	5	5	5	23	1	2	1	14	26	16	2	13	6	15	4	15	14	7	0	1	0.234285714285714	0.411428571428571	0.211428571428571	0.0171428571428571	0.337142857142857	0.662857142857143	0.337142857142857	0.177142857142857	0.16	8.18518796370061	1580092	Nitrosopumilus^adriaticus	Complete Genome	1
GCA_000956175.1	1580092_Nitrosopumilus^adriaticus@AJW70163.1$GCA_000956175.1	AJW70163.1		0	50	0	0	4	4	2	2	1	4	0	2	8	1	2	2	4	1	4	0	4	4	0	1	0.32	0.56	0.14	0.04	0.54	0.46	0.32	0.24	0.08	9.8069147017669	1580092	Nitrosopumilus^adriaticus	Complete Genome	1
GCA_000956175.1	1580092_Nitrosopumilus^adriaticus@AJW70837.1$GCA_000956175.1	AJW70837.1		0	77	0	0	5	3	1	6	3	5	0	5	11	4	4	4	3	3	3	6	4	3	1	3	0.298701298701299	0.441558441558442	0.155844155844156	0.0909090909090909	0.506493506493506	0.493506493506494	0.272727272727273	0.181818181818182	0.0909090909090909	9.54803689344341	1580092	Nitrosopumilus^adriaticus	Complete Genome	1
GCA_000956175.1	1580092_Nitrosopumilus^adriaticus@AJW71083.1$GCA_000956175.1	AJW71083.1		0	47	0	0	2	4	3	0	1	6	0	5	6	0	2	1	3	0	4	1	6	1	0	2	0.404255319148936	0.574468085106383	0.127659574468085	0.0638297872340425	0.553191489361702	0.446808510638298	0.276595744680851	0.212765957446809	0.0638297872340425	9.69566359739599	1580092	Nitrosopumilus^adriaticus	Complete Genome	1
GCA_000960885.1	1609232_Thermoproteus^sp.^AZ2@KJR73788.1$GCA_000960885.1	KJR73788.1		0	55	0	0	5	0	2	3	3	3	0	4	11	2	2	1	3	1	2	1	5	3	1	3	0.254545454545455	0.418181818181818	0.163636363636364	0.127272727272727	0.527272727272727	0.472727272727273	0.327272727272727	0.236363636363636	0.0909090909090909	9.99767683765664	1609232	Thermoproteus^sp.^AZ2	Contig	1
GCA_000960885.1	1609232_Thermoproteus^sp.^AZ2@KJR73839.1$GCA_000960885.1	KJR73839.1		0	55	0	0	5	0	2	3	3	3	0	4	10	2	2	1	3	2	2	1	5	3	1	3	0.254545454545455	0.418181818181818	0.163636363636364	0.127272727272727	0.527272727272727	0.472727272727273	0.309090909090909	0.218181818181818	0.0909090909090909	9.93093316750017	1609232	Thermoproteus^sp.^AZ2	Contig	1
GCA_000960885.1	1609232_Thermoproteus^sp.^AZ2@KJR73968.1$GCA_000960885.1	KJR73968.1		0	55	0	0	5	0	2	3	3	3	0	4	10	2	2	1	3	2	2	1	5	3	1	3	0.254545454545455	0.418181818181818	0.163636363636364	0.127272727272727	0.527272727272727	0.472727272727273	0.309090909090909	0.218181818181818	0.0909090909090909	9.93093316750017	1609232	Thermoproteus^sp.^AZ2	Contig	1
GCA_001189275.1	1227555_Pyrobaculum^sp.^WP30@AKT34112.1$GCA_001189275.1	AKT34112.1		0	73	0	0	7	1	2	4	4	2	1	3	5	5	1	0	5	1	9	6	3	8	0	6	0.26027397260274	0.465753424657534	0.219178082191781	0.150684931506849	0.575342465753425	0.424657534246575	0.287671232876712	0.205479452054795	0.0821917808219178	10.0748658927787	1227555	Pyrobaculum^sp.^WP30	Complete Genome	1
GCA_001189275.1	1227555_Pyrobaculum^sp.^WP30@AKT35292.1$GCA_001189275.1	AKT35292.1		0	57	0	0	5	0	2	3	3	3	0	2	12	3	3	1	2	3	2	2	4	3	0	4	0.245614035087719	0.385964912280702	0.140350877192982	0.12280701754386	0.491228070175439	0.508771929824561	0.333333333333333	0.245614035087719	0.087719298245614	9.99797012121326	1227555	Pyrobaculum^sp.^WP30	Complete Genome	1
GCA_001189275.1	1227555_Pyrobaculum^sp.^WP30@AKT35398.1$GCA_001189275.1	AKT35398.1		0	60	0	0	5	0	2	3	3	3	1	2	12	4	3	1	2	2	3	2	3	5	0	4	0.216666666666667	0.383333333333333	0.183333333333333	0.133333333333333	0.516666666666667	0.483333333333333	0.35	0.266666666666667	0.0833333333333333	10.1050758329095	1227555	Pyrobaculum^sp.^WP30	Complete Genome	1
GCA_001189275.1	1227555_Pyrobaculum^sp.^WP30@AKT35676.1$GCA_001189275.1	AKT35676.1		0	56	0	0	4	0	2	3	3	3	1	2	13	3	4	0	2	0	2	3	4	3	0	4	0.25	0.375	0.142857142857143	0.142857142857143	0.5	0.5	0.375	0.285714285714286	0.0892857142857143	10.0489838952794	1227555	Pyrobaculum^sp.^WP30	Complete Genome	1
GCA_001437625.1	1655561_Nitrosopumilus^sp.^BACL13^MAG-121220-bin23@KRO24729.1$GCA_001437625.1	KRO24729.1		0	50	0	0	4	4	2	2	1	3	0	3	8	1	2	2	4	1	3	0	4	5	0	1	0.3	0.56	0.18	0.04	0.56	0.44	0.3	0.22	0.08	9.63999313350353	1655561	Nitrosopumilus^sp.^BACL13^MAG-121220-bin23	Contig	1
GCA_001437625.1	1655561_Nitrosopumilus^sp.^BACL13^MAG-121220-bin23@KRO26839.1$GCA_001437625.1	KRO26839.1		0	70	0	0	4	0	1	3	4	4	0	5	9	4	3	5	3	3	5	8	3	3	1	2	0.271428571428571	0.442857142857143	0.171428571428571	0.1	0.471428571428571	0.528571428571429	0.257142857142857	0.2	0.0571428571428571	10.6038360448178	1655561	Nitrosopumilus^sp.^BACL13^MAG-121220-bin23	Contig	1
GCA_001437625.1	1655561_Nitrosopumilus^sp.^BACL13^MAG-121220-bin23@KRO26951.1$GCA_001437625.1	KRO26951.1		0	47	0	0	4	4	1	1	1	6	0	5	5	0	2	1	4	0	4	2	4	1	0	2	0.425531914893617	0.574468085106383	0.127659574468085	0.0638297872340425	0.617021276595745	0.382978723404255	0.234042553191489	0.191489361702128	0.0425531914893617	9.7628738357239	1655561	Nitrosopumilus^sp.^BACL13^MAG-121220-bin23	Contig	1
GCA_001443365.1	1640512_Thaumarchaeota^archaeon^CSP1-1@KRT61549.1$GCA_001443365.1	KRT61549.1		0	47	0	0	3	4	1	2	1	4	0	2	9	1	2	2	3	1	3	0	3	5	0	1	0.297872340425532	0.531914893617021	0.170212765957447	0.0425531914893617	0.553191489361702	0.446808510638298	0.319148936170213	0.25531914893617	0.0638297872340425	9.89969496067377	1640512	Thaumarchaeota^archaeon^CSP1-1	Scaffold	1
GCA_001510225.1	1661711_Thaumarchaeota^archaeon^casp-thauma1@LFEW01000009.1-28$GCA_001510225.1	LFEW01000009.1-28		0	51	0	1	3	1	3	2	0	3	0	1	9	6	3	2	1	0	4	2	3	5	1	1	0.235294117647059	0.450980392156863	0.235294117647059	0.0392156862745098	0.490196078431373	0.490196078431373	0.352941176470588	0.254901960784314	0.0980392156862745	10.1767918393924	1661711	Thaumarchaeota^archaeon^casp-thauma1	Contig	1
GCA_001510225.1	1661711_Thaumarchaeota^archaeon^casp-thauma1@LFEW01000013.1-22$GCA_001510225.1	LFEW01000013.1-22		0	50	0	1	4	4	2	1	1	4	0	2	8	1	2	2	4	1	4	0	3	5	0	1	0.3	0.56	0.16	0.04	0.56	0.42	0.3	0.24	0.06	9.97108483223071	1661711	Thaumarchaeota^archaeon^casp-thauma1	Contig	1
GCA_001510275.1	1661713_Thaumarchaeota^archaeon^casp-thauma3@LFEY01000009.1-23$GCA_001510275.1	LFEY01000009.1-23		0	48	0	1	3	4	1	2	1	7	0	4	6	0	2	1	3	0	4	1	4	2	0	2	0.395833333333333	0.541666666666667	0.125	0.0625	0.583333333333333	0.395833333333333	0.270833333333333	0.208333333333333	0.0625	9.69566485958924	1661713	Thaumarchaeota^archaeon^casp-thauma3	Contig	1
GCA_001510275.1	1661713_Thaumarchaeota^archaeon^casp-thauma3@LFEY01000024.1-53$GCA_001510275.1	LFEY01000024.1-53		0	51	0	1	3	4	1	3	1	4	0	3	7	1	2	3	4	1	4	0	4	4	0	1	0.294117647058824	0.529411764705882	0.156862745098039	0.0392156862745098	0.529411764705882	0.450980392156863	0.294117647058824	0.215686274509804	0.0784313725490196	9.6956678671562	1661713	Thaumarchaeota^archaeon^casp-thauma3	Contig	1
GCA_001510275.1	1661713_Thaumarchaeota^archaeon^casp-thauma3@LFEY01000027.1-60$GCA_001510275.1	LFEY01000027.1-60		0	119	0	1	7	4	4	7	5	9	3	11	13	8	4	8	5	4	4	7	4	5	1	5	0.260504201680672	0.445378151260504	0.201680672268908	0.117647058823529	0.53781512605042	0.453781512605042	0.260504201680672	0.168067226890756	0.092436974789916	9.21213470234413	1661713	Thaumarchaeota^archaeon^casp-thauma3	Contig	1
GCA_001510295.1	1661714_Thaumarchaeota^archaeon^casp-thauma4@LFEZ01000015.1-9$GCA_001510295.1	LFEZ01000015.1-9		0	48	0	1	3	4	0	3	1	5	0	2	8	1	1	2	2	3	4	0	4	3	0	1	0.333333333333333	0.479166666666667	0.125	0.0416666666666667	0.479166666666667	0.5	0.3125	0.25	0.0625	9.97108036999201	1661714	Thaumarchaeota^archaeon^casp-thauma4	Contig	1
GCA_001510295.1	1661714_Thaumarchaeota^archaeon^casp-thauma4@LFEZ01000016.1-9$GCA_001510295.1	LFEZ01000016.1-9		0	48	0	1	3	4	1	1	1	6	0	3	8	0	4	1	2	0	3	1	5	3	0	1	0.395833333333333	0.541666666666667	0.125	0.0416666666666667	0.5625	0.416666666666667	0.270833333333333	0.229166666666667	0.0416666666666667	9.9726183185561	1661714	Thaumarchaeota^archaeon^casp-thauma4	Contig	1
GCA_001515825.1	1714259_Pyrobaculum^sp.^OCT_11@KUO90114.1$GCA_001515825.1	KUO90114.1		0	56	0	0	4	0	2	3	3	3	0	2	13	3	3	0	2	1	2	3	5	3	0	4	0.267857142857143	0.392857142857143	0.142857142857143	0.125	0.482142857142857	0.517857142857143	0.357142857142857	0.267857142857143	0.0892857142857143	10.0489751972545	1714259	Pyrobaculum^sp.^OCT_11	Scaffold	1
GCA_001515835.1	1714260_Pyrobaculum^sp.^JCHS_4@KUO83256.1$GCA_001515835.1	KUO83256.1		0	57	0	0	5	0	2	3	3	3	1	2	12	3	3	1	2	2	2	2	4	3	0	4	0.245614035087719	0.385964912280702	0.140350877192982	0.140350877192982	0.491228070175439	0.508771929824561	0.350877192982456	0.263157894736842	0.087719298245614	9.99797549273204	1714260	Pyrobaculum^sp.^JCHS_4	Scaffold	1
GCA_001516665.1	1714257_Thermoproteus^sp.^CIS_19@KUO83700.1$GCA_001516665.1	KUO83700.1		0	55	0	0	5	0	2	3	3	3	0	4	10	2	2	1	3	2	2	1	5	3	1	3	0.254545454545455	0.418181818181818	0.163636363636364	0.127272727272727	0.527272727272727	0.472727272727273	0.309090909090909	0.218181818181818	0.0909090909090909	9.93093316750017	1714257	Thermoproteus^sp.^CIS_19	Scaffold	1
GCA_001516665.1	1714257_Thermoproteus^sp.^CIS_19@KUO84591.1$GCA_001516665.1	KUO84591.1		0	55	0	0	5	0	2	3	3	3	0	4	10	2	2	1	3	2	2	1	5	3	1	3	0.254545454545455	0.418181818181818	0.163636363636364	0.127272727272727	0.527272727272727	0.472727272727273	0.309090909090909	0.218181818181818	0.0909090909090909	9.93093316750017	1714257	Thermoproteus^sp.^CIS_19	Scaffold	1
GCA_001516665.1	1714257_Thermoproteus^sp.^CIS_19@KUO85083.1$GCA_001516665.1	KUO85083.1		0	56	0	0	5	0	2	3	3	4	0	4	11	2	2	1	2	2	2	1	5	3	1	3	0.267857142857143	0.410714285714286	0.160714285714286	0.125	0.517857142857143	0.482142857142857	0.321428571428571	0.232142857142857	0.0892857142857143	9.99767683765664	1714257	Thermoproteus^sp.^CIS_19	Scaffold	1
GCA_001541925.1	1776294_Nitrosopumilus^sp.^Nsub@LQMW01000017.1-188$GCA_001541925.1	LQMW01000017.1-188		0	51	0	1	4	4	1	3	1	4	0	2	8	1	2	2	4	1	3	1	3	5	0	1	0.313725490196078	0.549019607843137	0.156862745098039	0.0392156862745098	0.549019607843137	0.431372549019608	0.294117647058824	0.215686274509804	0.0784313725490196	9.63999379918587	1776294	Nitrosopumilus^sp.^Nsub	Contig	1
GCA_001541925.1	1776294_Nitrosopumilus^sp.^Nsub@LQMW01000022.1-40$GCA_001541925.1	LQMW01000022.1-40		0	78	0	1	3	3	1	5	4	4	0	6	10	4	3	5	3	2	6	9	3	3	1	2	0.282051282051282	0.435897435897436	0.166666666666667	0.0897435897435897	0.461538461538462	0.525641025641026	0.282051282051282	0.205128205128205	0.0769230769230769	10.0281897303076	1776294	Nitrosopumilus^sp.^Nsub	Contig	1
GCA_001543015.1	1671876_Nitrosopumilus^sp.^LS_AOA@LFLC01000022.1-1$GCA_001543015.1	LFLC01000022.1-1		0	51	0	1	3	4	2	4	1	4	0	2	8	1	2	1	4	0	4	0	5	4	0	1	0.313725490196078	0.529411764705882	0.137254901960784	0.0392156862745098	0.509803921568627	0.470588235294118	0.352941176470588	0.235294117647059	0.117647058823529	9.4613417689168	1671876	Nitrosopumilus^sp.^LS_AOA	Contig	1
GCA_001626095.1	1811582_Nitrosopelagicus^sp.^REDSEA-S08_B1@LUOX01000010.1-13$GCA_001626095.1	LUOX01000010.1-13		0	48	0	1	3	4	0	2	1	5	0	2	7	1	2	1	2	1	3	2	8	2	0	1	0.458333333333333	0.5625	0.104166666666667	0.0416666666666667	0.479166666666667	0.5	0.25	0.208333333333333	0.0416666666666667	9.87886911249375	1811582	Nitrosopelagicus^sp.^REDSEA-S08_B1	Scaffold	1
GCA_001626095.1	1811582_Nitrosopelagicus^sp.^REDSEA-S08_B1@LUOX01000037.1-17$GCA_001626095.1	LUOX01000037.1-17		0	48	0	1	3	4	2	3	1	4	0	2	6	2	1	2	4	0	4	0	5	3	0	1	0.333333333333333	0.5625	0.145833333333333	0.0416666666666667	0.520833333333333	0.458333333333333	0.3125	0.208333333333333	0.104166666666667	9.33866246824271	1811582	Nitrosopelagicus^sp.^REDSEA-S08_B1	Scaffold	1
GCA_001627055.1	1811585_Nitrosopelagicus^sp.^REDSEA-S27_B13N2@LUPA01000008.1-8$GCA_001627055.1	LUPA01000008.1-8		0	48	0	1	2	4	2	3	1	4	0	2	7	1	1	2	4	1	4	0	5	3	0	1	0.3125	0.541666666666667	0.125	0.0416666666666667	0.479166666666667	0.5	0.333333333333333	0.229166666666667	0.104166666666667	9.5058132454957	1811585	Nitrosopelagicus^sp.^REDSEA-S27_B13N2	Scaffold	1
GCA_001674955.1	1679446_Candidatus^Nitrosopumilus^sp.^DDS1@KV575203.1-1303$GCA_001674955.1	KV575203.1-1303		0	78	0	1	5	3	1	4	3	5	0	4	13	4	4	4	3	4	2	6	5	3	1	3	0.307692307692308	0.448717948717949	0.141025641025641	0.0897435897435897	0.487179487179487	0.5	0.256410256410256	0.192307692307692	0.0641025641025641	9.82178873757631	1679446	Candidatus^Nitrosopumilus^sp.^DDS1	Scaffold	1
GCA_001674955.1	1679446_Candidatus^Nitrosopumilus^sp.^DDS1@KV575205.1-188$GCA_001674955.1	KV575205.1-188		0	51	0	1	4	4	2	2	1	4	0	2	8	1	2	2	4	1	4	0	4	4	0	1	0.313725490196078	0.549019607843137	0.137254901960784	0.0392156862745098	0.529411764705882	0.450980392156863	0.313725490196078	0.235294117647059	0.0784313725490196	9.8069147017669	1679446	Candidatus^Nitrosopumilus^sp.^DDS1	Scaffold	1
GCA_001786425.1	1801882_Candidatus^Pacearchaeota^archaeon^RBG_16_35_8@OGJ12951.1$GCA_001786425.1	OGJ12951.1		0	63	0	0	9	4	1	3	1	7	0	2	10	0	6	1	2	2	2	4	2	5	0	2	0.412698412698413	0.555555555555556	0.111111111111111	0.0476190476190476	0.603174603174603	0.396825396825397	0.253968253968254	0.19047619047619	0.0634920634920635	9.65272174328041	1801882	Candidatus^Pacearchaeota^archaeon^RBG_16_35_8	Scaffold	1
GCA_001870125.1	1826872_Candidatus^Nitrosocosmicus^exaquare@CP017922.1-12$GCA_001870125.1	CP017922.1-12		0	55	0	1	2	4	1	3	1	5	0	2	11	0	5	3	1	4	2	1	4	4	0	1	0.290909090909091	0.454545454545455	0.109090909090909	0.0363636363636364	0.454545454545455	0.527272727272727	0.309090909090909	0.236363636363636	0.0727272727272727	9.78615160389646	1826872	Candidatus^Nitrosocosmicus^exaquare	Complete Genome	1
GCA_001872185.1	1805296_Candidatus^Pacearchaeota^archaeon^CG1_02_32_21@OIO42125.1$GCA_001872185.1	OIO42125.1		0	62	0	0	4	5	1	4	1	8	0	1	11	0	6	3	1	2	2	3	3	5	0	2	0.370967741935484	0.532258064516129	0.0967741935483871	0.0483870967741935	0.532258064516129	0.467741935483871	0.290322580645161	0.209677419354839	0.0806451612903226	9.50983674844006	1805296	Candidatus^Pacearchaeota^archaeon^CG1_02_32_21	Scaffold	1
GCA_001914355.1	1927150_Thaumarchaeota^archaeon^BIN5@MRWN01000400.1-2$GCA_001914355.1	MRWN01000400.1-2		0	48	0	1	5	4	0	1	1	5	0	3	7	1	3	1	3	1	3	2	4	2	0	1	0.416666666666667	0.541666666666667	0.125	0.0416666666666667	0.583333333333333	0.395833333333333	0.229166666666667	0.208333333333333	0.0208333333333333	10.0621391398098	1927150	Thaumarchaeota^archaeon^BIN5	Contig	1
GCA_001914355.1	1927150_Thaumarchaeota^archaeon^BIN5@MRWN01000251.1-6$GCA_001914355.1	MRWN01000251.1-6		0	49	0	1	3	4	1	2	1	4	0	2	9	1	2	3	3	1	4	0	3	4	0	1	0.285714285714286	0.510204081632653	0.142857142857143	0.0408163265306122	0.510204081632653	0.469387755102041	0.326530612244898	0.26530612244898	0.0612244897959184	10.0494348129205	1927150	Thaumarchaeota^archaeon^BIN5	Contig	1
GCA_001917965.1	1805396_Thaumarchaeota^archaeon^13_1_40CM_4_48_7@OLC25591.1$GCA_001917965.1	OLC25591.1		0	70	0	0	7	4	0	2	1	12	0	3	18	0	3	1	2	1	4	0	8	3	0	1	0.442857142857143	0.528571428571429	0.0857142857142857	0.0285714285714286	0.514285714285714	0.485714285714286	0.342857142857143	0.314285714285714	0.0285714285714286	10.568883881102	1805396	Thaumarchaeota^archaeon^13_1_40CM_4_48_7	Scaffold	1
GCA_002011035.1	1935119_Candidatus^Bathyarchaeota^archaeon^JdFR-11@MTLY01000002.1-140$GCA_002011035.1	MTLY01000002.1-140		0	49	0	1	5	4	1	4	1	3	0	1	8	3	3	1	1	0	6	0	3	4	0	0	0.306122448979592	0.448979591836735	0.163265306122449	0.0204081632653061	0.510204081632653	0.469387755102041	0.387755102040816	0.285714285714286	0.102040816326531	10.0558228163828	1935119	Candidatus^Bathyarchaeota^archaeon^JdFR-11	Contig	1
GCA_002011155.1	1935138_Euryarchaeota^archaeon^JdFR-20@MTMH01000209.1-2$GCA_002011155.1	MTMH01000209.1-2		0	47	0	1	5	4	1	1	1	4	0	2	9	0	4	1	2	2	2	1	4	2	0	1	0.382978723404255	0.51063829787234	0.0851063829787234	0.0425531914893617	0.531914893617021	0.446808510638298	0.276595744680851	0.234042553191489	0.0425531914893617	9.90088641274737	1935138	Euryarchaeota^archaeon^JdFR-20	Contig	1
GCA_002156965.1	1898749_Candidatus^Nitrosomarinus^catalina@ARS63956.1$GCA_002156965.1	ARS63956.1		0	50	0	0	4	4	2	2	1	4	0	2	8	1	2	2	4	1	3	0	4	5	0	1	0.32	0.58	0.16	0.04	0.56	0.44	0.3	0.22	0.08	9.63999313350353	1898749	Candidatus^Nitrosomarinus^catalina	Complete Genome	1
GCA_002156965.1	1898749_Candidatus^Nitrosomarinus^catalina@ARS64329.1$GCA_002156965.1	ARS64329.1		0	77	0	0	3	3	1	5	4	4	0	6	11	4	3	5	3	2	5	9	3	3	1	2	0.285714285714286	0.441558441558442	0.168831168831169	0.0909090909090909	0.467532467532468	0.532467532467532	0.285714285714286	0.207792207792208	0.0779220779220779	9.96628335709653	1898749	Candidatus^Nitrosomarinus^catalina	Complete Genome	1
GCA_002254395.1	2012516_Candidatus^Pacearchaeota^archaeon^ex4484_71@OYT36550.1$GCA_002254395.1	OYT36550.1		0	67	0	0	4	1	3	8	4	3	1	1	14	1	1	1	1	0	3	5	4	8	1	3	0.253731343283582	0.447761194029851	0.149253731343284	0.134328358208955	0.417910447761194	0.582089552238806	0.432835820895522	0.26865671641791	0.164179104477612	9.51954629261881	2012516	Candidatus^Pacearchaeota^archaeon^ex4484_71	Contig	1
GCA_002494485.1	1915708_Nitrososphaerales^archaeon^UBA213@DACA01000115.1-1$GCA_002494485.1	DACA01000115.1-1		0	42	0	0	2	4	0	3	1	3	0	1	7	1	3	2	3	0	2	2	3	4	0	1	0.333333333333333	0.547619047619048	0.142857142857143	0.0476190476190476	0.547619047619048	0.452380952380952	0.285714285714286	0.214285714285714	0.0714285714285714	9.50707002530204	1915708	Nitrososphaerales^archaeon^UBA213	Scaffold	1
GCA_002494525.1	1917431_archaeon^UBA490@DACC01000003.1-102$GCA_002494525.1	DACC01000003.1-102		0	51	0	1	3	5	3	1	1	5	0	1	7	1	3	4	1	1	3	1	6	3	0	1	0.392156862745098	0.607843137254902	0.0980392156862745	0.0392156862745098	0.470588235294118	0.509803921568627	0.274509803921569	0.196078431372549	0.0784313725490196	9.36489569456812	1917431	archaeon^UBA490	Scaffold	1
GCA_002494895.1	1915599_Nitrososphaera^sp.^UBA210@DADA01000103.1-4$GCA_002494895.1	DADA01000103.1-4		0	46	0	1	3	4	1	2	1	4	0	2	10	0	4	2	1	1	2	0	4	3	0	1	0.326086956521739	0.478260869565217	0.108695652173913	0.0434782608695652	0.5	0.478260869565217	0.326086956521739	0.260869565217391	0.0652173913043478	9.83926130335018	1915599	Nitrososphaera^sp.^UBA210	Contig	1
GCA_002494975.1	1915934_Euryarchaeota^archaeon^UBA556@DADI01000076.1-2$GCA_002494975.1	DADI01000076.1-2		0	51	0	1	2	4	1	1	1	3	0	4	7	2	3	3	1	1	4	6	2	4	0	1	0.333333333333333	0.509803921568627	0.196078431372549	0.0392156862745098	0.490196078431373	0.490196078431373	0.254901960784314	0.215686274509804	0.0392156862745098	10.0600133864969	1915934	Euryarchaeota^archaeon^UBA556	Scaffold	1
GCA_002495465.1	1917433_archaeon^UBA55@DAFN01000001.1-9$GCA_002495465.1	DAFN01000001.1-9		0	65	0	1	3	5	2	1	1	7	0	1	9	3	4	3	1	1	5	3	7	6	0	2	0.384615384615385	0.569230769230769	0.153846153846154	0.0461538461538462	0.507692307692308	0.476923076923077	0.261538461538462	0.215384615384615	0.0461538461538462	9.98731748017946	1917433	archaeon^UBA55	Scaffold	1
GCA_002495485.1	1915989_Candidatus^Bathyarchaeota^archaeon^UBA185@DAFH01000189.1-7$GCA_002495485.1	DAFH01000189.1-7		0	48	0	1	4	4	0	1	1	4	0	3	7	1	1	5	4	2	1	1	2	5	0	1	0.3125	0.604166666666667	0.1875	0.0416666666666667	0.583333333333333	0.395833333333333	0.1875	0.166666666666667	0.0208333333333333	9.69841819888981	1915989	Candidatus^Bathyarchaeota^archaeon^UBA185	Scaffold	1
GCA_002496015.1	1916006_Candidatus^Pacearchaeota^archaeon^UBA73@DAIF01000006.1-73$GCA_002496015.1	DAIF01000006.1-73		0	65	0	1	9	2	2	5	1	7	0	5	11	0	3	2	2	3	0	2	3	5	0	2	0.353846153846154	0.523076923076923	0.153846153846154	0.0461538461538462	0.553846153846154	0.430769230769231	0.276923076923077	0.169230769230769	0.107692307692308	9.20034263681852	1916006	Candidatus^Pacearchaeota^archaeon^UBA73	Scaffold	1
GCA_002496045.1	1915616_Desulfurococcaceae^archaeon^UBA150@DAIG01000012.1-4$GCA_002496045.1	DAIG01000012.1-4		0	56	0	1	5	0	2	4	5	3	0	3	12	3	1	0	3	1	2	1	3	4	0	3	0.214285714285714	0.375	0.178571428571429	0.142857142857143	0.535714285714286	0.446428571428571	0.357142857142857	0.25	0.107142857142857	9.94012855242822	1915616	Desulfurococcaceae^archaeon^UBA150	Scaffold	1
GCA_002496385.1	1915699_Methanomassiliicoccales^archaeon^UBA147@DAJR01000063.1-2$GCA_002496385.1	DAJR01000063.1-2		0	47	0	1	5	4	1	2	1	4	0	2	12	0	3	1	3	1	1	0	2	3	0	1	0.319148936170213	0.48936170212766	0.106382978723404	0.0425531914893617	0.553191489361702	0.425531914893617	0.340425531914894	0.276595744680851	0.0638297872340425	9.86217395034806	1915699	Methanomassiliicoccales^archaeon^UBA147	Scaffold	1
GCA_002496845.1	1915902_Euryarchaeota^archaeon^UBA495@DALQ01000019.1-1$GCA_002496845.1	DALQ01000019.1-1		0	53	0	1	2	4	1	2	2	7	0	4	7	1	3	2	0	3	3	4	3	3	0	1	0.377358490566038	0.490566037735849	0.150943396226415	0.0566037735849057	0.509433962264151	0.471698113207547	0.245283018867925	0.188679245283019	0.0566037735849057	9.69657789428452	1915902	Euryarchaeota^archaeon^UBA495	Scaffold	1
GCA_002497345.1	1915606_Thermoproteus^sp.^UBA157@DANS01000030.1-52$GCA_002497345.1	DANS01000030.1-52		0	56	0	1	5	0	2	3	3	3	0	4	10	2	2	1	3	2	2	1	5	3	1	3	0.25	0.410714285714286	0.160714285714286	0.125	0.517857142857143	0.464285714285714	0.303571428571429	0.214285714285714	0.0892857142857143	9.93093316750017	1915606	Thermoproteus^sp.^UBA157	Scaffold	1
GCA_002497345.1	1915606_Thermoproteus^sp.^UBA157@DANS01000031.1-1$GCA_002497345.1	DANS01000031.1-1		0	90	0	1	10	2	6	3	5	4	0	7	3	5	2	2	9	1	8	5	4	7	0	6	0.277777777777778	0.544444444444444	0.211111111111111	0.122222222222222	0.633333333333333	0.355555555555556	0.222222222222222	0.122222222222222	0.1	8.65858680652327	1915606	Thermoproteus^sp.^UBA157	Scaffold	1
GCA_002497345.1	1915606_Thermoproteus^sp.^UBA157@DANS01000027.1-57$GCA_002497345.1	DANS01000027.1-57		0	57	0	1	6	0	2	3	3	3	0	4	11	2	2	1	2	2	2	1	5	3	1	3	0.263157894736842	0.403508771929825	0.157894736842105	0.12280701754386	0.508771929824561	0.473684210526316	0.315789473684211	0.228070175438596	0.087719298245614	9.99767683765664	1915606	Thermoproteus^sp.^UBA157	Scaffold	1
GCA_002497645.1	1915794_Euryarchaeota^archaeon^UBA12@DADW01000024.1-63$GCA_002497645.1	DADW01000024.1-63		0	110	0	1	9	6	2	6	7	10	0	5	7	6	3	4	7	5	9	7	6	8	0	2	0.345454545454545	0.536363636363636	0.172727272727273	0.0818181818181818	0.572727272727273	0.418181818181818	0.218181818181818	0.145454545454545	0.0727272727272727	9.53964213450212	1915794	Euryarchaeota^archaeon^UBA12	Scaffold	1
GCA_002497685.1	1915773_Euryarchaeota^archaeon^UBA169@DAEH01000036.1-4$GCA_002497685.1	DAEH01000036.1-4		0	48	0	1	3	4	0	4	0	9	0	2	8	1	4	2	0	0	3	0	3	2	0	2	0.395833333333333	0.479166666666667	0.104166666666667	0.0416666666666667	0.5625	0.416666666666667	0.3125	0.229166666666667	0.0833333333333333	9.59130329105784	1915773	Euryarchaeota^archaeon^UBA169	Scaffold	1
GCA_002497685.1	1915773_Euryarchaeota^archaeon^UBA169@DAEH01000036.1-7$GCA_002497685.1	DAEH01000036.1-7		0	58	0	1	4	0	4	4	3	2	1	2	10	2	3	2	1	2	2	4	3	6	0	2	0.224137931034483	0.448275862068966	0.172413793103448	0.103448275862069	0.431034482758621	0.551724137931034	0.362068965517241	0.224137931034483	0.137931034482759	9.52223598756489	1915773	Euryarchaeota^archaeon^UBA169	Scaffold	1
GCA_002497985.1	1915882_Euryarchaeota^archaeon^UBA4@DAFQ01000001.1-68$GCA_002497985.1	DAFQ01000001.1-68		0	59	0	1	2	4	3	1	2	6	1	3	6	3	3	2	1	1	3	7	4	4	1	1	0.389830508474576	0.559322033898305	0.169491525423729	0.0847457627118644	0.508474576271186	0.474576271186441	0.23728813559322	0.169491525423729	0.0677966101694915	9.33924984642076	1915882	Euryarchaeota^archaeon^UBA4	Scaffold	1
GCA_002499005.1	1915755_Thaumarchaeota^archaeon^UBA164@DAJU01000001.1-62$GCA_002499005.1	DAJU01000001.1-62		0	49	0	1	4	4	1	1	0	4	0	2	8	2	2	1	2	1	3	0	4	7	0	2	0.326530612244898	0.551020408163265	0.224489795918367	0.0408163265306122	0.591836734693878	0.387755102040816	0.26530612244898	0.224489795918367	0.0408163265306122	9.89969442659019	1915755	Thaumarchaeota^archaeon^UBA164	Contig	1
GCA_002499085.1	1915701_Methanomassiliicoccales^archaeon^UBA280@DAKD01000003.1-15$GCA_002499085.1	DAKD01000003.1-15		0	47	0	1	4	4	1	2	1	6	0	3	12	0	2	1	1	1	1	0	3	3	0	1	0.361702127659574	0.48936170212766	0.127659574468085	0.0425531914893617	0.531914893617021	0.446808510638298	0.340425531914894	0.276595744680851	0.0638297872340425	9.86217395034935	1915701	Methanomassiliicoccales^archaeon^UBA280	Scaffold	1
GCA_002499185.1	1916005_Candidatus^Pacearchaeota^archaeon^UBA284@DAKN01000101.1-17$GCA_002499185.1	DAKN01000101.1-17		0	55	0	1	1	4	2	4	1	5	1	3	11	0	4	1	4	1	2	0	4	4	1	1	0.254545454545455	0.454545454545455	0.127272727272727	0.0727272727272727	0.509090909090909	0.472727272727273	0.363636363636364	0.254545454545455	0.109090909090909	9.51110414538771	1916005	Candidatus^Pacearchaeota^archaeon^UBA284	Scaffold	1
GCA_002499525.1	1915705_Nitrosopumilales^archaeon^UBA218@DAMC01000051.1-7$GCA_002499525.1	DAMC01000051.1-7		0	47	0	1	4	4	0	1	1	5	0	4	7	0	3	1	3	0	3	4	3	2	0	1	0.425531914893617	0.553191489361702	0.127659574468085	0.0425531914893617	0.574468085106383	0.404255319148936	0.234042553191489	0.212765957446809	0.0212765957446809	10.0621391398098	1915705	Nitrosopumilales^archaeon^UBA218	Scaffold	1
GCA_002499525.1	1915705_Nitrosopumilales^archaeon^UBA218@DAMC01000092.1-6$GCA_002499525.1	DAMC01000092.1-6		0	48	0	1	6	4	1	1	1	4	0	2	8	1	1	2	4	1	4	0	2	4	0	1	0.333333333333333	0.5625	0.145833333333333	0.0416666666666667	0.583333333333333	0.395833333333333	0.291666666666667	0.25	0.0416666666666667	10.1395371668782	1915705	Nitrosopumilales^archaeon^UBA218	Scaffold	1
GCA_002501935.1	1915684_Nitrososphaeraceae^archaeon^UBA273@DAOR01000131.1-19$GCA_002501935.1	DAOR01000131.1-19		0	79	0	1	10	4	2	1	1	8	0	4	18	0	4	1	1	3	3	4	9	4	0	1	0.443037974683544	0.544303797468354	0.10126582278481	0.0253164556962025	0.468354430379747	0.518987341772152	0.30379746835443	0.265822784810127	0.0379746835443038	10.3471960058855	1915684	Nitrososphaeraceae^archaeon^UBA273	Scaffold	1
GCA_002501935.1	1915684_Nitrososphaeraceae^archaeon^UBA273@DAOR01000043.1-5$GCA_002501935.1	DAOR01000043.1-5		0	60	0	1	3	6	1	3	1	6	0	5	11	1	5	1	1	1	1	2	6	3	0	2	0.383333333333333	0.483333333333333	0.15	0.05	0.55	0.433333333333333	0.266666666666667	0.2	0.0666666666666667	9.41306928856719	1915684	Nitrososphaeraceae^archaeon^UBA273	Scaffold	1
GCA_002502135.1	1917432_archaeon^UBA543@DAPM01000011.1-85$GCA_002502135.1	DAPM01000011.1-85		0	50	0	1	3	5	2	2	0	6	0	2	10	3	4	2	1	0	3	0	3	3	0	0	0.34	0.5	0.16	0	0.54	0.44	0.34	0.26	0.08	9.77056787497964	1917432	archaeon^UBA543	Scaffold	1
GCA_002502325.1	1915948_Euryarchaeota^archaeon^UBA597@DAOD01000025.1-11$GCA_002502325.1	DAOD01000025.1-11		0	52	0	1	3	4	1	1	1	4	0	4	5	0	3	2	1	2	4	8	4	4	0	0	0.442307692307692	0.596153846153846	0.153846153846154	0.0192307692307692	0.461538461538462	0.519230769230769	0.211538461538462	0.173076923076923	0.0384615384615385	9.95345362491276	1915948	Euryarchaeota^archaeon^UBA597	Scaffold	1
GCA_002502725.1	1915999_Candidatus^Micrarchaeota^archaeon^UBA581@DAQD01000004.1-6$GCA_002502725.1	DAQD01000004.1-6		0	47	0	1	4	4	1	3	1	5	1	1	10	0	4	1	1	0	1	0	4	4	0	1	0.361702127659574	0.51063829787234	0.106382978723404	0.0638297872340425	0.531914893617021	0.446808510638298	0.340425531914894	0.25531914893617	0.0851063829787234	9.54972605538782	1915999	Candidatus^Micrarchaeota^archaeon^UBA581	Scaffold	1
GCA_002505845.1	1916022_Candidatus^Woesearchaeota^archaeon^UBA142@DAWD01000002.1-24$GCA_002505845.1	DAWD01000002.1-24		0	49	0	1	3	4	2	1	1	5	0	3	12	0	5	1	0	2	2	0	2	5	0	0	0.285714285714286	0.448979591836735	0.163265306122449	0.0204081632653061	0.530612244897959	0.448979591836735	0.346938775510204	0.285714285714286	0.0612244897959184	10.0448952213792	1916022	Candidatus^Woesearchaeota^archaeon^UBA142	Scaffold	1
GCA_002506165.1	1916027_Candidatus^Woesearchaeota^archaeon^UBA544@DAWZ01000024.1-11$GCA_002506165.1	DAWZ01000024.1-11		0	48	0	1	3	5	3	1	1	5	0	2	10	0	5	1	1	3	1	1	2	2	0	1	0.333333333333333	0.479166666666667	0.0833333333333333	0.0416666666666667	0.520833333333333	0.458333333333333	0.3125	0.229166666666667	0.0833333333333333	9.43347128917799	1916027	Candidatus^Woesearchaeota^archaeon^UBA544	Scaffold	1
GCA_002506185.1	1915856_Euryarchaeota^archaeon^UBA249@DAXA01000088.1-11$GCA_002506185.1	DAXA01000088.1-11		0	72	0	1	2	5	2	4	0	7	1	5	8	3	5	5	1	1	2	6	3	7	0	4	0.319444444444444	0.527777777777778	0.208333333333333	0.0694444444444444	0.541666666666667	0.444444444444444	0.236111111111111	0.152777777777778	0.0833333333333333	8.88214530137328	1915856	Euryarchaeota^archaeon^UBA249	Scaffold	1
GCA_002506605.1	1915754_Thaumarchaeota^archaeon^UBA160@DAXX01000010.1-6$GCA_002506605.1	DAXX01000010.1-6		0	48	0	1	3	4	0	3	0	4	0	4	7	3	1	2	2	1	4	0	3	4	0	2	0.291666666666667	0.458333333333333	0.229166666666667	0.0416666666666667	0.5625	0.416666666666667	0.291666666666667	0.229166666666667	0.0625	9.80691833550385	1915754	Thaumarchaeota^archaeon^UBA160	Scaffold	1
GCA_002506665.1	1915597_Nitrosopumilus^sp.^UBA526@DAXZ01000028.1-7$GCA_002506665.1	DAXZ01000028.1-7		0	49	0	1	3	4	2	1	1	4	0	2	7	1	2	2	3	2	3	0	5	5	0	1	0.326530612244898	0.571428571428571	0.163265306122449	0.0408163265306122	0.530612244897959	0.448979591836735	0.26530612244898	0.204081632653061	0.0612244897959184	9.69657726353794	1915597	Nitrosopumilus^sp.^UBA526	Scaffold	1
GCA_002506755.1	1915892_Euryarchaeota^archaeon^UBA462@DAYD01000016.1-118$GCA_002506755.1	DAYD01000016.1-118		0	52	0	1	1	4	2	0	3	6	0	4	6	0	4	2	1	1	4	5	3	4	0	1	0.365384615384615	0.538461538461538	0.153846153846154	0.0769230769230769	0.538461538461538	0.442307692307692	0.230769230769231	0.192307692307692	0.0384615384615385	9.96431901558888	1915892	Euryarchaeota^archaeon^UBA462	Scaffold	1
GCA_002508305.1	1915757_Thaumarchaeota^archaeon^UBA201@DAZR01000001.1-1$GCA_002508305.1	DAZR01000001.1-1		0	48	0	0	2	4	1	3	1	4	0	3	6	1	3	2	4	2	3	1	5	2	0	1	0.333333333333333	0.520833333333333	0.125	0.0416666666666667	0.520833333333333	0.479166666666667	0.270833333333333	0.1875	0.0833333333333333	9.33915362580481	1915757	Thaumarchaeota^archaeon^UBA201	Scaffold	1
GCA_002509165.1	1915775_Euryarchaeota^archaeon^UBA488@DAZP01000012.1-12$GCA_002509165.1	DAZP01000012.1-12		0	48	0	1	4	4	0	1	0	4	0	1	6	1	5	3	1	1	3	4	5	2	0	2	0.4375	0.5625	0.0833333333333333	0.0416666666666667	0.5	0.479166666666667	0.208333333333333	0.1875	0.0208333333333333	9.87886843780046	1915775	Euryarchaeota^archaeon^UBA488	Scaffold	1
GCA_002690535.1	2024843_Nitrosopumilus^sp.@MAI01381.1$GCA_002690535.1	MAI01381.1		0	77	0	0	3	3	1	6	4	4	0	7	10	4	3	5	3	2	5	9	2	3	1	2	0.272727272727273	0.428571428571429	0.181818181818182	0.0909090909090909	0.480519480519481	0.519480519480519	0.285714285714286	0.194805194805195	0.0909090909090909	9.76465083030734	2024843	Nitrosopumilus^sp.	Contig	1
GCA_002737445.1	2026886_Nitrosarchaeum^sp.@PHY09115.1$GCA_002737445.1	PHY09115.1		0	69	0	0	3	0	1	2	4	5	2	4	10	4	4	3	3	1	4	5	7	4	1	2	0.289855072463768	0.449275362318841	0.173913043478261	0.130434782608696	0.492753623188406	0.507246376811594	0.27536231884058	0.231884057971014	0.0434782608695652	10.6554002755418	2026886	Nitrosarchaeum^sp.	Contig	1
GCA_002762795.1	1974463_Candidatus^Woesearchaeota^archaeon^CG10_big_fil_rev_8_21_14_0_10_37_12@PIN74733.1$GCA_002762795.1	PIN74733.1		0	67	0	0	5	2	5	4	6	6	1	2	16	0	1	0	1	2	2	4	1	7	1	1	0.26865671641791	0.462686567164179	0.134328358208955	0.134328358208955	0.477611940298507	0.522388059701492	0.417910447761194	0.283582089552239	0.134328358208955	9.76795225630999	1974463	Candidatus^Woesearchaeota^archaeon^CG10_big_fil_rev_8_21_14_0_10_37_12	Scaffold	1
GCA_002762835.1	1974460_Candidatus^Woesearchaeota^archaeon^CG10_big_fil_rev_8_21_14_0_10_34_12@PIN77622.1$GCA_002762835.1	PIN77622.1		0	61	0	0	7	5	1	7	1	5	0	3	12	3	7	1	0	1	4	1	2	1	0	0	0.327868852459016	0.377049180327869	0.114754098360656	0.0163934426229508	0.524590163934426	0.475409836065574	0.39344262295082	0.262295081967213	0.131147540983607	9.54256403137308	1974460	Candidatus^Woesearchaeota^archaeon^CG10_big_fil_rev_8_21_14_0_10_34_12	Scaffold	1
GCA_002762925.1	1974456_Candidatus^Woesearchaeota^archaeon^CG10_big_fil_rev_8_21_14_0_10_30_7@PIN81617.1$GCA_002762925.1	PIN81617.1		0	60	0	0	5	1	2	5	3	4	1	0	13	3	1	1	1	2	3	4	3	5	1	2	0.283333333333333	0.433333333333333	0.133333333333333	0.116666666666667	0.433333333333333	0.566666666666667	0.4	0.283333333333333	0.116666666666667	9.95077556215284	1974456	Candidatus^Woesearchaeota^archaeon^CG10_big_fil_rev_8_21_14_0_10_30_7	Scaffold	1
GCA_002763155.1	1974437_Candidatus^Pacearchaeota^archaeon^CG10_big_fil_rev_8_21_14_0_10_30_48@PIN94865.1$GCA_002763155.1	PIN94865.1		0	62	0	0	8	4	3	2	0	6	1	2	10	2	6	1	1	1	3	3	7	1	0	1	0.451612903225806	0.548387096774194	0.0806451612903226	0.032258064516129	0.5	0.5	0.306451612903226	0.225806451612903	0.0806451612903226	9.69713361415903	1974437	Candidatus^Pacearchaeota^archaeon^CG10_big_fil_rev_8_21_14_0_10_30_48	Scaffold	1
GCA_002763335.1	1974455_Candidatus^Woesearchaeota^archaeon^CG08_land_8_20_14_0_20_47_9@PIO03168.1$GCA_002763335.1	PIO03168.1		0	76	0	0	1	6	1	6	5	6	0	3	13	1	5	3	2	2	8	5	3	4	1	1	0.276315789473684	0.407894736842105	0.105263157894737	0.0921052631578947	0.460526315789474	0.539473684210526	0.368421052631579	0.276315789473684	0.0921052631578947	10.0500622976509	1974455	Candidatus^Woesearchaeota^archaeon^CG08_land_8_20_14_0_20_47_9	Scaffold	1
GCA_002783425.1	2022693_Nitrosopumilales^archaeon^CG15_BIG_FIL_POST_REV_8_21_14_020_33_23@PIW34406.1$GCA_002783425.1	PIW34406.1		0	76	0	0	3	2	3	2	3	4	1	4	14	6	5	3	3	0	2	8	6	2	1	4	0.302631578947368	0.447368421052632	0.157894736842105	0.118421052631579	0.486842105263158	0.513157894736842	0.289473684210526	0.223684210526316	0.0657894736842105	9.92241839028642	2022693	Nitrosopumilales^archaeon^CG15_BIG_FIL_POST_REV_8_21_14_020_33_23	Scaffold	1
GCA_002787055.1	1846278_Candidatus^Nitrosotenuis^aquarius@CP024808.1-674$GCA_002787055.1	CP024808.1-674		0	47	0	1	4	4	0	1	1	5	0	4	7	0	3	1	3	0	3	3	4	2	0	1	0.425531914893617	0.553191489361702	0.127659574468085	0.0425531914893617	0.574468085106383	0.404255319148936	0.234042553191489	0.212765957446809	0.0212765957446809	10.0621391398098	1846278	Candidatus^Nitrosotenuis^aquarius	Complete Genome	1
GCA_002787055.1	1846278_Candidatus^Nitrosotenuis^aquarius@CP024808.1-1619$GCA_002787055.1	CP024808.1-1619		0	58	0	1	5	0	1	5	1	2	0	3	12	6	1	1	1	2	3	4	2	5	1	2	0.224137931034483	0.362068965517241	0.241379310344828	0.0689655172413793	0.46551724137931	0.517241379310345	0.362068965517241	0.258620689655172	0.103448275862069	10.1200948246091	1846278	Candidatus^Nitrosotenuis^aquarius	Complete Genome	1
GCA_002788515.1	2022696_Nitrosopumilales^archaeon^CG_4_9_14_0_2_um_filter_34_16@PJC51263.1$GCA_002788515.1	PJC51263.1		0	77	0	0	4	3	1	5	4	4	0	5	12	4	3	4	3	4	4	7	5	2	1	2	0.298701298701299	0.428571428571429	0.142857142857143	0.0909090909090909	0.454545454545455	0.545454545454545	0.285714285714286	0.207792207792208	0.0779220779220779	9.91233037895693	2022696	Nitrosopumilales^archaeon^CG_4_9_14_0_2_um_filter_34_16	Scaffold	1
GCA_002788575.1	1974429_Candidatus^Pacearchaeota^archaeon^CG_4_9_14_0_2_um_filter_30_8@PJC45659.1$GCA_002788575.1	PJC45659.1		0	65	0	0	5	6	4	2	1	8	1	0	12	1	6	0	1	2	1	3	5	5	0	2	0.415384615384615	0.569230769230769	0.0923076923076923	0.0615384615384615	0.538461538461538	0.461538461538462	0.307692307692308	0.215384615384615	0.0923076923076923	9.25684548135064	1974429	Candidatus^Pacearchaeota^archaeon^CG_4_9_14_0_2_um_filter_30_8	Scaffold	1
GCA_002792115.1	1974449_Candidatus^Woesearchaeota^archaeon^CG_4_10_14_0_2_um_filter_33_13@PIZ52498.1$GCA_002792115.1	PIZ52498.1		0	60	0	0	5	4	0	6	1	5	0	2	13	0	6	0	3	0	4	2	3	5	0	1	0.316666666666667	0.45	0.116666666666667	0.0333333333333333	0.533333333333333	0.466666666666667	0.383333333333333	0.283333333333333	0.1	9.92451575230256	1974449	Candidatus^Woesearchaeota^archaeon^CG_4_10_14_0_2_um_filter_33_13	Scaffold	1
GCA_002794175.1	1974443_Candidatus^Pacearchaeota^archaeon^CG10_big_fil_rev_8_21_14_0_10_34_12@PIO07653.1$GCA_002794175.1	PIO07653.1		0	64	0	0	7	4	1	4	1	7	0	2	11	0	6	3	1	2	2	5	2	3	0	3	0.390625	0.515625	0.078125	0.0625	0.53125	0.46875	0.28125	0.203125	0.078125	9.57643805630843	1974443	Candidatus^Pacearchaeota^archaeon^CG10_big_fil_rev_8_21_14_0_10_34_12	Scaffold	1
GCA_002794195.1	1974442_Candidatus^Pacearchaeota^archaeon^CG10_big_fil_rev_8_21_14_0_10_32_42@PJE81583.1$GCA_002794195.1	PJE81583.1		0	64	0	0	6	4	1	4	0	9	0	3	10	0	6	2	0	2	3	6	2	3	0	3	0.421875	0.515625	0.09375	0.046875	0.53125	0.46875	0.28125	0.203125	0.078125	9.61205049512527	1974442	Candidatus^Pacearchaeota^archaeon^CG10_big_fil_rev_8_21_14_0_10_32_42	Scaffold	1
GCA_002841675.1	2013767_Euryarchaeota^archaeon^HGW-Euryarchaeota-1@PKM92327.1$GCA_002841675.1	PKM92327.1		0	345	0	0	10	9	19	39	17	18	2	28	48	26	8	29	11	7	15	14	16	17	0	12	0.194202898550725	0.414492753623188	0.205797101449275	0.0898550724637681	0.452173913043478	0.547826086956522	0.356521739130435	0.188405797101449	0.168115942028985	8.50431544293518	2013767	Euryarchaeota^archaeon^HGW-Euryarchaeota-1	Scaffold	1
GCA_002897655.1	2005741_archaeon^BMS3Abin17@GBE19566.1$GCA_002897655.1	GBE19566.1		0	63	0	0	6	6	5	1	1	7	0	2	14	1	5	2	1	2	1	2	3	2	0	2	0.380952380952381	0.53968253968254	0.0793650793650794	0.0476190476190476	0.523809523809524	0.476190476190476	0.333333333333333	0.238095238095238	0.0952380952380952	9.45600132660824	2005741	archaeon^BMS3Abin17	Contig	1
GCA_002898655.1	2035440_archaeon^HR04@GBC73961.1$GCA_002898655.1	GBC73961.1		0	49	0	0	2	4	0	2	0	4	0	2	8	1	3	2	3	1	3	2	5	5	0	2	0.346938775510204	0.551020408163265	0.163265306122449	0.0408163265306122	0.530612244897959	0.469387755102041	0.26530612244898	0.224489795918367	0.0408163265306122	9.89969474804169	2035440	archaeon^HR04	Contig	1
GCA_002898815.1	2035442_archaeon^HR06@GBC75654.1$GCA_002898815.1	GBC75654.1		0	47	0	0	3	4	0	2	1	3	0	2	8	1	2	3	2	2	3	0	5	5	0	1	0.319148936170213	0.531914893617021	0.170212765957447	0.0425531914893617	0.51063829787234	0.48936170212766	0.276595744680851	0.234042553191489	0.0425531914893617	9.97261861766904	2035442	archaeon^HR06	Contig	1
GCA_002923215.1	2005740_archaeon^BMS3Abin16@GBE19050.1$GCA_002923215.1	GBE19050.1		0	46	0	0	3	4	1	1	0	6	0	1	7	0	4	2	3	0	2	0	7	3	0	2	0.434782608695652	0.630434782608696	0.0869565217391304	0.0434782608695652	0.565217391304348	0.434782608695652	0.239130434782609	0.195652173913043	0.0434782608695652	9.64073802640419	2005740	archaeon^BMS3Abin16	Contig	1
GCA_003056265.1	1973259_Zestosphaera^tikiterensis@PUA32548.1$GCA_003056265.1	PUA32548.1		0	64	0	0	3	0	1	6	3	3	0	3	14	3	3	3	2	1	2	4	3	8	2	0	0.203125	0.421875	0.21875	0.078125	0.46875	0.53125	0.359375	0.25	0.109375	10.1217292934324	1973259	Zestosphaera^tikiterensis	Contig	1
GCA_003116855.1	2027460_Desulfurococcaceae^archaeon^AG1@GAY25985.1$GCA_003116855.1	GAY25985.1		0	49	0	0	3	4	0	2	1	4	0	2	9	3	1	2	3	0	2	0	7	5	0	1	0.36734693877551	0.571428571428571	0.204081632653061	0.0408163265306122	0.551020408163265	0.448979591836735	0.26530612244898	0.224489795918367	0.0408163265306122	9.9008817782816	2027460	Desulfurococcaceae^archaeon^AG1	Scaffold	1
GCA_003175215.1	718286_Candidatus^Nitrosopumilus^sp.^NM25@GBH34471.1$GCA_003175215.1	GBH34471.1		0	82	0	0	5	3	1	4	4	5	0	7	11	5	4	3	3	3	5	7	5	4	1	2	0.304878048780488	0.439024390243902	0.195121951219512	0.0853658536585366	0.524390243902439	0.475609756097561	0.25609756097561	0.195121951219512	0.0609756097560976	10.0893109001952	718286	Candidatus^Nitrosopumilus^sp.^NM25	Contig	1
GCA_003229255.1	2202732_Nitrosopumilaceae^archaeon@QIDA01000004.1-6$GCA_003229255.1	QIDA01000004.1-6		0	48	0	1	3	4	1	3	1	4	0	1	8	1	3	2	3	0	3	0	4	5	0	1	0.3125	0.541666666666667	0.145833333333333	0.0416666666666667	0.541666666666667	0.4375	0.3125	0.229166666666667	0.0833333333333333	9.63999172661286	2202732	Nitrosopumilaceae^archaeon	Contig	1
GCA_003229255.1	2202732_Nitrosopumilaceae^archaeon@QIDA01000081.1-8$GCA_003229255.1	QIDA01000081.1-8		0	48	0	1	1	4	1	1	1	5	0	2	8	0	4	1	3	0	4	1	9	1	0	1	0.416666666666667	0.541666666666667	0.0625	0.0416666666666667	0.458333333333333	0.520833333333333	0.291666666666667	0.25	0.0416666666666667	10.1395424798087	2202732	Nitrosopumilaceae^archaeon	Contig	1
GCA_003702465.1	2478979_Candidatus^Nitrosomarinus^sp.@RMW34678.1$GCA_003702465.1	RMW34678.1		0	74	0	0	3	2	1	5	4	4	0	5	10	4	3	5	3	2	5	9	3	3	1	2	0.283783783783784	0.445945945945946	0.162162162162162	0.0945945945945946	0.459459459459459	0.540540540540541	0.283783783783784	0.202702702702703	0.0810810810810811	10.0180218437102	2478979	Candidatus^Nitrosomarinus^sp.	Scaffold	1
GCA_007570915.1	2479206_Cenarchaeum^sp.@RKSK01000175.1-9$GCA_007570915.1	RKSK01000175.1-9		0	48	0	1	3	4	0	1	1	5	0	2	8	0	3	1	3	0	3	2	7	3	0	1	0.4375	0.583333333333333	0.104166666666667	0.0416666666666667	0.520833333333333	0.458333333333333	0.25	0.229166666666667	0.0208333333333333	10.1419198439188	2479206	Cenarchaeum^sp.	Contig	1
GCA_007570915.1	2479206_Cenarchaeum^sp.@RKSK01000165.1-4$GCA_007570915.1	RKSK01000165.1-4		0	48	0	1	2	4	0	3	1	4	0	1	8	1	3	3	4	0	4	0	6	2	0	1	0.333333333333333	0.520833333333333	0.0833333333333333	0.0416666666666667	0.479166666666667	0.5	0.3125	0.25	0.0625	9.97108036999201	2479206	Cenarchaeum^sp.	Contig	1
GCA_007826885.1	2035267_Candidatus^Nitrosocosmicus^arcticus@TVP39259.1$GCA_007826885.1	TVP39259.1		0	54	0	0	2	4	1	4	1	5	0	2	13	0	5	2	1	2	2	1	4	4	0	1	0.296296296296296	0.444444444444444	0.111111111111111	0.037037037037037	0.462962962962963	0.537037037037037	0.37037037037037	0.277777777777778	0.0925925925925926	9.81368888807441	2035267	Candidatus^Nitrosocosmicus^arcticus	Scaffold	1
GCA_008974855.1	2080451_archaeon^MnTg01@GBF24206.1$GCA_008974855.1	GBF24206.1		0	47	0	0	2	4	1	3	1	5	0	1	8	1	3	2	3	0	3	0	4	5	0	1	0.319148936170213	0.553191489361702	0.148936170212766	0.0425531914893617	0.553191489361702	0.446808510638298	0.319148936170213	0.234042553191489	0.0851063829787234	9.63999172661286	2080451	archaeon^MnTg01	Contig	1
GCA_008974855.1	2080451_archaeon^MnTg01@GBF24863.1$GCA_008974855.1	GBF24863.1		0	47	0	0	1	4	1	1	1	5	0	2	8	0	4	1	3	0	4	1	9	1	0	1	0.425531914893617	0.553191489361702	0.0638297872340425	0.0425531914893617	0.468085106382979	0.531914893617021	0.297872340425532	0.25531914893617	0.0425531914893617	10.1395424808675	2080451	archaeon^MnTg01	Contig	1
GCA_009379865.1	2109671_Candidatus^Nitrosocosmicus^sp.@WHSX01000001.1-38$GCA_009379865.1	WHSX01000001.1-38		0	51	0	1	2	4	1	4	1	5	0	2	10	0	4	2	1	1	2	2	5	3	0	1	0.352941176470588	0.490196078431373	0.0980392156862745	0.0392156862745098	0.450980392156863	0.529411764705882	0.333333333333333	0.235294117647059	0.0980392156862745	9.54914196549151	2109671	Candidatus^Nitrosocosmicus^sp.	Scaffold	1
GCA_900065925.1	1078905_Candidatus^Nitrosotalea^devanaterra@CUR52469.1$GCA_900065925.1	CUR52469.1		0	47	0	0	2	4	1	1	1	3	0	2	9	1	1	3	4	1	3	2	3	5	0	1	0.297872340425532	0.574468085106383	0.170212765957447	0.0425531914893617	0.51063829787234	0.48936170212766	0.297872340425532	0.25531914893617	0.0425531914893617	10.0511419688424	1078905	Candidatus^Nitrosotalea^devanaterra	Complete Genome	1
GCA_900143675.1	1499975_Candidatus^Nitrosotalea^sinensis@SHO45037.1$GCA_900143675.1	SHO45037.1		0	47	0	0	4	4	1	1	1	4	0	2	9	1	1	3	3	1	3	0	3	5	0	1	0.319148936170213	0.574468085106383	0.170212765957447	0.0425531914893617	0.553191489361702	0.446808510638298	0.297872340425532	0.25531914893617	0.0425531914893617	10.0511367902494	1499975	Candidatus^Nitrosotalea^sinensis	Contig	1
GCA_900177045.1	1903276_Candidatus^Nitrosotalea^okcheonensis@SMH71639.1$GCA_900177045.1	SMH71639.1		0	47	0	0	2	4	1	1	1	4	0	2	9	1	1	3	4	1	3	1	2	6	0	1	0.276595744680851	0.574468085106383	0.191489361702128	0.0425531914893617	0.553191489361702	0.446808510638298	0.297872340425532	0.25531914893617	0.0425531914893617	10.0511419652934	1903276	Candidatus^Nitrosotalea^okcheonensis	Chromosome	1
GCA_900248165.1	2058097_Candidatus^Nitrosocaldus^cavascurensis@SPC34690.1$GCA_900248165.1	SPC34690.1		0	49	0	0	2	4	0	2	0	3	0	1	8	1	3	3	3	1	3	2	5	6	0	2	0.326530612244898	0.571428571428571	0.163265306122449	0.0408163265306122	0.510204081632653	0.489795918367347	0.26530612244898	0.224489795918367	0.0408163265306122	9.89969474804169	2058097	Candidatus^Nitrosocaldus^cavascurensis	Complete Genome	1
GCA_900696045.1	1798806_Candidatus^Nitrosocosmicus^franklandus@VFJ14112.1$GCA_900696045.1	VFJ14112.1		0	54	0	0	2	4	1	3	1	5	0	2	11	0	5	3	1	4	2	2	3	4	0	1	0.296296296296296	0.462962962962963	0.111111111111111	0.037037037037037	0.462962962962963	0.537037037037037	0.314814814814815	0.240740740740741	0.0740740740740741	9.78615160389646	1798806	Candidatus^Nitrosocosmicus^franklandus	Complete Genome	1
GCA_902608175.1	360837_uncultured^marine^group^I^thaumarchaeote@CACLNC010000019.1-9$GCA_902608175.1	CACLNC010000019.1-9		0	48	0	1	3	4	1	1	1	5	0	2	7	0	4	1	2	1	3	2	7	2	0	1	0.4375	0.5625	0.0833333333333333	0.0416666666666667	0.5	0.479166666666667	0.25	0.208333333333333	0.0416666666666667	9.878868706402	360837	uncultured^marine^group^I^thaumarchaeote	Contig	1
GCA_902627615.1	360836_uncultured^marine^group^III^euryarchaeote@CACOJW010000031.1-3$GCA_902627615.1	CACOJW010000031.1-3		0	48	0	1	3	4	0	3	0	9	0	2	7	0	5	2	0	1	3	0	4	2	0	2	0.416666666666667	0.5	0.0833333333333333	0.0416666666666667	0.5625	0.416666666666667	0.270833333333333	0.208333333333333	0.0625	9.63999594421579	360836	uncultured^marine^group^III^euryarchaeote	Contig	1
GCA_902627615.1	360836_uncultured^marine^group^III^euryarchaeote@CACOJW010000031.1-6$GCA_902627615.1	CACOJW010000031.1-6		0	58	0	1	6	0	5	6	3	2	1	2	11	2	3	2	1	0	1	1	3	6	0	2	0.206896551724138	0.448275862068966	0.172413793103448	0.103448275862069	0.46551724137931	0.517241379310345	0.413793103448276	0.224137931034483	0.189655172413793	7.94824374421908	360836	uncultured^marine^group^III^euryarchaeote	Contig	1
